0 0 0,
1 0 0,
2 0 0,
3 0 0,
4 0 0,
5 0 0,
6 0 0,
7 0 0,
8 0 0,
9 0 0,
10 0 0,
11 0 0,
12 0 0,
13 0 0,
14 0 0,
15 0 0,
16 0 0,
17 0 0,
18 0 0,
19 0 0,
20 0 0,
21 0 0,
22 0 0,
23 0 0,
24 0 0,
25 0 0,
26 0 0,
27 0 0,
28 0 0,
29 0 0,
30 0 0,
31 0 0,
32 0 0,
33 0 0,
34 0 0,
35 0 0,
36 0 0,
37 0 0,
38 0 0,
39 0 0,
40 0 0,
41 0 0,
42 0 0,
43 0 0,
44 0 0,
45 0 0,
46 0 0,
47 0 0,
48 0 0,
49 0 0,
50 0 0,
51 0 0,
52 0 0,
53 0 0,
54 0 0,
55 0 0,
56 0 0,
57 0 0,
58 0 0,
59 0 0,
60 0 0,
61 0 0,
62 0 0,
63 0 0,
64 0 0,
65 0 0,
66 0 0,
67 0 0,
68 0 0,
69 0 0,
70 0 0,
71 0 0,
72 0 0,
73 0 0,
74 0 0,
75 0 0,
76 0 0,
77 0 0,
78 0 0,
79 0 0,
80 0 0,
81 0 0,
82 0 0,
83 0 0,
84 0 0,
85 0 0,
86 0 0,
87 0 0,
88 0 0,
89 0 0,
90 0 0,
91 0 0,
92 0 0,
93 0 0,
94 0 0,
95 0 0,
96 0 0,
97 0 0,
98 0 0,
99 0 0,
100 0 0,
101 0 0,
102 0 0,
103 0 0,
104 0 0,
105 0 0,
106 0 0,
107 0 0,
108 0 0,
109 0 0,
110 0 0,
111 0 0,
112 0 0,
113 0 0,
114 0 0,
115 0 0,
116 0 0,
117 0 0,
118 0 0,
119 0 0,
120 0 0,
121 0 0,
122 0 0,
123 0 0,
124 0 0,
125 0 0,
126 0 0,
127 0 0,
128 0 0,
129 0 0,
130 0 0,
131 0 0,
132 0 0,
133 0 0,
134 0 0,
135 0 0,
136 0 0,
137 0 0,
138 0 0,
139 0 0,
140 0 0,
141 0 0,
142 0 0,
143 0 0,
144 0 0,
145 0 0,
146 0 0,
147 0 0,
148 0 0,
149 0 0,
150 0 0,
151 0 0,
152 0 0,
153 0 0,
154 0 0,
155 0 0,
0 1 0,
1 1 0,
2 1 0,
3 1 0,
4 1 0,
5 1 0,
6 1 0,
7 1 0,
8 1 0,
9 1 0,
10 1 0,
11 1 0,
12 1 0,
13 1 0,
14 1 0,
15 1 0,
16 1 0,
17 1 0,
18 1 0,
19 1 0,
20 1 0,
21 1 0,
22 1 0,
23 1 0,
24 1 0,
25 1 0,
26 1 0,
27 1 0,
28 1 0,
29 1 0,
30 1 0,
31 1 0,
32 1 0,
33 1 0,
34 1 0,
35 1 0,
36 1 0,
37 1 0,
38 1 0,
39 1 0,
40 1 0,
41 1 0,
42 1 0,
43 1 0,
44 1 0,
45 1 0,
46 1 0,
47 1 0,
48 1 0,
49 1 0,
50 1 0,
51 1 0,
52 1 0,
53 1 0,
54 1 0,
55 1 0,
56 1 0,
57 1 0,
58 1 0,
59 1 0,
60 1 0,
61 1 0,
62 1 0,
63 1 0,
64 1 0,
65 1 0,
66 1 0,
67 1 0,
68 1 0,
69 1 0,
70 1 0,
71 1 0,
72 1 0,
73 1 0,
74 1 0,
75 1 0,
76 1 0,
77 1 0,
78 1 0,
79 1 0,
80 1 0,
81 1 0,
82 1 0,
83 1 0,
84 1 0,
85 1 0,
86 1 0,
87 1 0,
88 1 0,
89 1 0,
90 1 0,
91 1 0,
92 1 0,
93 1 0,
94 1 0,
95 1 0,
96 1 0,
97 1 0,
98 1 0,
99 1 0,
100 1 0,
101 1 0,
102 1 0,
103 1 0,
104 1 0,
105 1 0,
106 1 0,
107 1 0,
108 1 0,
109 1 0,
110 1 0,
111 1 0,
112 1 0,
113 1 0,
114 1 0,
115 1 0,
116 1 0,
117 1 0,
118 1 0,
119 1 0,
120 1 0,
121 1 0,
122 1 0,
123 1 0,
124 1 0,
125 1 0,
126 1 0,
127 1 0,
128 1 0,
129 1 0,
130 1 0,
131 1 0,
132 1 0,
133 1 0,
134 1 0,
135 1 0,
136 1 0,
137 1 0,
138 1 0,
139 1 0,
140 1 0,
141 1 0,
142 1 0,
143 1 0,
144 1 0,
145 1 0,
146 1 0,
147 1 0,
148 1 0,
149 1 0,
150 1 0,
151 1 0,
152 1 0,
153 1 0,
154 1 0,
155 1 0,
0 2 0,
1 2 0,
2 2 0,
3 2 0,
4 2 0,
5 2 0,
6 2 0,
7 2 0,
8 2 0,
9 2 0,
10 2 0,
11 2 0,
12 2 0,
13 2 0,
14 2 0,
15 2 0,
16 2 0,
17 2 0,
18 2 0,
19 2 0,
20 2 0,
21 2 0,
22 2 0,
23 2 0,
24 2 0,
25 2 0,
26 2 0,
27 2 0,
28 2 0,
29 2 0,
30 2 0,
31 2 0,
32 2 0,
33 2 0,
34 2 0,
35 2 0,
36 2 0,
37 2 0,
38 2 0,
39 2 0,
40 2 0,
41 2 0,
42 2 0,
43 2 0,
44 2 0,
45 2 0,
46 2 0,
47 2 0,
48 2 0,
49 2 0,
50 2 0,
51 2 0,
52 2 0,
53 2 0,
54 2 13,
55 2 13,
56 2 13,
57 2 13,
58 2 13,
59 2 13,
60 2 13,
61 2 13,
62 2 13,
63 2 13,
64 2 13,
65 2 13,
66 2 13,
67 2 13,
68 2 13,
69 2 13,
70 2 13,
71 2 13,
72 2 13,
73 2 13,
74 2 13,
75 2 13,
76 2 13,
77 2 13,
78 2 13,
79 2 13,
80 2 13,
81 2 13,
82 2 13,
83 2 13,
84 2 13,
85 2 13,
86 2 13,
87 2 13,
88 2 13,
89 2 13,
90 2 13,
91 2 13,
92 2 13,
93 2 13,
94 2 13,
95 2 13,
96 2 0,
97 2 0,
98 2 0,
99 2 0,
100 2 0,
101 2 0,
102 2 0,
103 2 0,
104 2 0,
105 2 0,
106 2 0,
107 2 0,
108 2 0,
109 2 0,
110 2 0,
111 2 0,
112 2 0,
113 2 0,
114 2 0,
115 2 0,
116 2 0,
117 2 0,
118 2 0,
119 2 0,
120 2 0,
121 2 0,
122 2 0,
123 2 0,
124 2 0,
125 2 0,
126 2 0,
127 2 0,
128 2 0,
129 2 0,
130 2 0,
131 2 0,
132 2 0,
133 2 0,
134 2 0,
135 2 0,
136 2 0,
137 2 0,
138 2 0,
139 2 0,
140 2 0,
141 2 0,
142 2 0,
143 2 0,
144 2 0,
145 2 0,
146 2 0,
147 2 0,
148 2 0,
149 2 0,
150 2 0,
151 2 0,
152 2 0,
153 2 0,
154 2 0,
155 2 0,
0 3 0,
1 3 0,
2 3 0,
3 3 0,
4 3 0,
5 3 0,
6 3 0,
7 3 0,
8 3 0,
9 3 0,
10 3 0,
11 3 0,
12 3 0,
13 3 0,
14 3 0,
15 3 0,
16 3 0,
17 3 0,
18 3 0,
19 3 0,
20 3 0,
21 3 0,
22 3 0,
23 3 0,
24 3 0,
25 3 0,
26 3 0,
27 3 0,
28 3 0,
29 3 0,
30 3 0,
31 3 0,
32 3 0,
33 3 0,
34 3 0,
35 3 0,
36 3 0,
37 3 0,
38 3 0,
39 3 0,
40 3 0,
41 3 0,
42 3 0,
43 3 0,
44 3 0,
45 3 0,
46 3 0,
47 3 0,
48 3 0,
49 3 13,
50 3 13,
51 3 13,
52 3 13,
53 3 13,
54 3 13,
55 3 14,
56 3 14,
57 3 14,
58 3 14,
59 3 14,
60 3 14,
61 3 14,
62 3 14,
63 3 14,
64 3 14,
65 3 14,
66 3 14,
67 3 14,
68 3 14,
69 3 14,
70 3 14,
71 3 14,
72 3 14,
73 3 14,
74 3 14,
75 3 14,
76 3 14,
77 3 14,
78 3 14,
79 3 14,
80 3 14,
81 3 14,
82 3 14,
83 3 14,
84 3 14,
85 3 14,
86 3 14,
87 3 14,
88 3 14,
89 3 14,
90 3 14,
91 3 14,
92 3 14,
93 3 14,
94 3 14,
95 3 13,
96 3 13,
97 3 13,
98 3 13,
99 3 13,
100 3 13,
101 3 0,
102 3 0,
103 3 0,
104 3 0,
105 3 0,
106 3 0,
107 3 0,
108 3 0,
109 3 0,
110 3 0,
111 3 0,
112 3 0,
113 3 0,
114 3 0,
115 3 0,
116 3 0,
117 3 0,
118 3 0,
119 3 0,
120 3 0,
121 3 0,
122 3 0,
123 3 0,
124 3 0,
125 3 0,
126 3 0,
127 3 0,
128 3 0,
129 3 0,
130 3 0,
131 3 0,
132 3 0,
133 3 0,
134 3 0,
135 3 0,
136 3 0,
137 3 0,
138 3 0,
139 3 0,
140 3 0,
141 3 0,
142 3 0,
143 3 0,
144 3 0,
145 3 0,
146 3 0,
147 3 0,
148 3 0,
149 3 0,
150 3 0,
151 3 0,
152 3 0,
153 3 0,
154 3 0,
155 3 0,
0 4 0,
1 4 0,
2 4 0,
3 4 0,
4 4 0,
5 4 0,
6 4 0,
7 4 0,
8 4 0,
9 4 0,
10 4 0,
11 4 0,
12 4 0,
13 4 0,
14 4 0,
15 4 0,
16 4 0,
17 4 0,
18 4 0,
19 4 0,
20 4 0,
21 4 0,
22 4 0,
23 4 0,
24 4 0,
25 4 0,
26 4 0,
27 4 0,
28 4 0,
29 4 0,
30 4 0,
31 4 0,
32 4 0,
33 4 0,
34 4 0,
35 4 0,
36 4 0,
37 4 0,
38 4 0,
39 4 0,
40 4 0,
41 4 0,
42 4 0,
43 4 0,
44 4 0,
45 4 0,
46 4 13,
47 4 13,
48 4 13,
49 4 13,
50 4 14,
51 4 14,
52 4 14,
53 4 14,
54 4 14,
55 4 0,
56 4 0,
57 4 0,
58 4 0,
59 4 0,
60 4 0,
61 4 0,
62 4 0,
63 4 0,
64 4 0,
65 4 0,
66 4 0,
67 4 0,
68 4 0,
69 4 0,
70 4 0,
71 4 0,
72 4 0,
73 4 0,
74 4 0,
75 4 0,
76 4 0,
77 4 0,
78 4 0,
79 4 0,
80 4 0,
81 4 0,
82 4 0,
83 4 0,
84 4 0,
85 4 0,
86 4 0,
87 4 0,
88 4 0,
89 4 0,
90 4 0,
91 4 0,
92 4 0,
93 4 0,
94 4 0,
95 4 14,
96 4 14,
97 4 14,
98 4 14,
99 4 14,
100 4 13,
101 4 13,
102 4 13,
103 4 13,
104 4 0,
105 4 0,
106 4 0,
107 4 0,
108 4 0,
109 4 0,
110 4 0,
111 4 0,
112 4 0,
113 4 0,
114 4 0,
115 4 0,
116 4 0,
117 4 0,
118 4 0,
119 4 0,
120 4 0,
121 4 0,
122 4 0,
123 4 0,
124 4 0,
125 4 0,
126 4 0,
127 4 0,
128 4 0,
129 4 0,
130 4 0,
131 4 0,
132 4 0,
133 4 0,
134 4 0,
135 4 0,
136 4 0,
137 4 0,
138 4 0,
139 4 0,
140 4 0,
141 4 0,
142 4 0,
143 4 0,
144 4 0,
145 4 0,
146 4 0,
147 4 0,
148 4 0,
149 4 0,
150 4 0,
151 4 0,
152 4 0,
153 4 0,
154 4 0,
155 4 0,
0 5 0,
1 5 0,
2 5 0,
3 5 0,
4 5 0,
5 5 0,
6 5 0,
7 5 0,
8 5 0,
9 5 0,
10 5 0,
11 5 0,
12 5 0,
13 5 0,
14 5 0,
15 5 0,
16 5 0,
17 5 0,
18 5 0,
19 5 0,
20 5 0,
21 5 0,
22 5 0,
23 5 0,
24 5 0,
25 5 0,
26 5 0,
27 5 0,
28 5 0,
29 5 0,
30 5 0,
31 5 0,
32 5 0,
33 5 0,
34 5 0,
35 5 0,
36 5 0,
37 5 0,
38 5 0,
39 5 0,
40 5 0,
41 5 0,
42 5 0,
43 5 0,
44 5 13,
45 5 13,
46 5 13,
47 5 14,
48 5 14,
49 5 14,
50 5 0,
51 5 0,
52 5 0,
53 5 0,
54 5 0,
55 5 14,
56 5 14,
57 5 14,
58 5 14,
59 5 14,
60 5 14,
61 5 14,
62 5 14,
63 5 14,
64 5 14,
65 5 14,
66 5 14,
67 5 14,
68 5 14,
69 5 14,
70 5 14,
71 5 14,
72 5 14,
73 5 14,
74 5 14,
75 5 14,
76 5 14,
77 5 14,
78 5 14,
79 5 14,
80 5 14,
81 5 14,
82 5 14,
83 5 14,
84 5 14,
85 5 14,
86 5 14,
87 5 14,
88 5 14,
89 5 14,
90 5 14,
91 5 14,
92 5 14,
93 5 14,
94 5 14,
95 5 0,
96 5 0,
97 5 0,
98 5 0,
99 5 0,
100 5 14,
101 5 14,
102 5 14,
103 5 13,
104 5 13,
105 5 13,
106 5 0,
107 5 0,
108 5 0,
109 5 0,
110 5 0,
111 5 0,
112 5 0,
113 5 0,
114 5 0,
115 5 0,
116 5 0,
117 5 0,
118 5 0,
119 5 0,
120 5 0,
121 5 0,
122 5 0,
123 5 0,
124 5 0,
125 5 0,
126 5 0,
127 5 0,
128 5 0,
129 5 0,
130 5 0,
131 5 0,
132 5 0,
133 5 0,
134 5 0,
135 5 0,
136 5 0,
137 5 0,
138 5 0,
139 5 0,
140 5 0,
141 5 0,
142 5 0,
143 5 0,
144 5 0,
145 5 0,
146 5 0,
147 5 0,
148 5 0,
149 5 0,
150 5 0,
151 5 0,
152 5 0,
153 5 0,
154 5 0,
155 5 0,
0 6 0,
1 6 0,
2 6 0,
3 6 0,
4 6 0,
5 6 0,
6 6 0,
7 6 0,
8 6 0,
9 6 0,
10 6 0,
11 6 0,
12 6 0,
13 6 0,
14 6 0,
15 6 0,
16 6 0,
17 6 0,
18 6 0,
19 6 0,
20 6 0,
21 6 0,
22 6 0,
23 6 0,
24 6 0,
25 6 0,
26 6 0,
27 6 0,
28 6 0,
29 6 0,
30 6 0,
31 6 0,
32 6 0,
33 6 0,
34 6 0,
35 6 0,
36 6 0,
37 6 0,
38 6 0,
39 6 0,
40 6 0,
41 6 0,
42 6 13,
43 6 13,
44 6 13,
45 6 14,
46 6 14,
47 6 0,
48 6 0,
49 6 0,
50 6 14,
51 6 14,
52 6 14,
53 6 14,
54 6 14,
55 6 0,
56 6 0,
57 6 0,
58 6 0,
59 6 0,
60 6 0,
61 6 0,
62 6 0,
63 6 0,
64 6 0,
65 6 0,
66 6 0,
67 6 0,
68 6 0,
69 6 0,
70 6 0,
71 6 0,
72 6 0,
73 6 0,
74 6 0,
75 6 0,
76 6 0,
77 6 0,
78 6 0,
79 6 0,
80 6 0,
81 6 0,
82 6 0,
83 6 0,
84 6 0,
85 6 0,
86 6 0,
87 6 0,
88 6 0,
89 6 0,
90 6 0,
91 6 0,
92 6 0,
93 6 0,
94 6 0,
95 6 14,
96 6 14,
97 6 14,
98 6 14,
99 6 14,
100 6 0,
101 6 0,
102 6 0,
103 6 14,
104 6 14,
105 6 13,
106 6 13,
107 6 13,
108 6 0,
109 6 0,
110 6 0,
111 6 0,
112 6 0,
113 6 0,
114 6 0,
115 6 0,
116 6 0,
117 6 0,
118 6 0,
119 6 0,
120 6 0,
121 6 0,
122 6 0,
123 6 0,
124 6 0,
125 6 0,
126 6 0,
127 6 0,
128 6 0,
129 6 0,
130 6 0,
131 6 0,
132 6 0,
133 6 0,
134 6 0,
135 6 0,
136 6 0,
137 6 0,
138 6 0,
139 6 0,
140 6 0,
141 6 0,
142 6 0,
143 6 0,
144 6 0,
145 6 0,
146 6 0,
147 6 0,
148 6 0,
149 6 0,
150 6 0,
151 6 0,
152 6 0,
153 6 0,
154 6 0,
155 6 0,
0 7 0,
1 7 0,
2 7 0,
3 7 0,
4 7 0,
5 7 0,
6 7 0,
7 7 0,
8 7 0,
9 7 0,
10 7 0,
11 7 0,
12 7 0,
13 7 0,
14 7 0,
15 7 0,
16 7 0,
17 7 0,
18 7 0,
19 7 0,
20 7 0,
21 7 0,
22 7 0,
23 7 0,
24 7 0,
25 7 0,
26 7 0,
27 7 0,
28 7 0,
29 7 0,
30 7 0,
31 7 0,
32 7 0,
33 7 0,
34 7 0,
35 7 0,
36 7 0,
37 7 0,
38 7 0,
39 7 0,
40 7 13,
41 7 13,
42 7 13,
43 7 14,
44 7 14,
45 7 0,
46 7 0,
47 7 14,
48 7 14,
49 7 14,
50 7 0,
51 7 0,
52 7 0,
53 7 0,
54 7 0,
55 7 14,
56 7 14,
57 7 14,
58 7 14,
59 7 14,
60 7 14,
61 7 14,
62 7 14,
63 7 14,
64 7 14,
65 7 14,
66 7 14,
67 7 14,
68 7 14,
69 7 14,
70 7 14,
71 7 14,
72 7 14,
73 7 14,
74 7 14,
75 7 14,
76 7 14,
77 7 14,
78 7 14,
79 7 14,
80 7 14,
81 7 14,
82 7 14,
83 7 14,
84 7 14,
85 7 14,
86 7 14,
87 7 14,
88 7 14,
89 7 14,
90 7 14,
91 7 14,
92 7 14,
93 7 14,
94 7 14,
95 7 0,
96 7 0,
97 7 0,
98 7 0,
99 7 0,
100 7 14,
101 7 14,
102 7 14,
103 7 0,
104 7 0,
105 7 14,
106 7 14,
107 7 13,
108 7 13,
109 7 13,
110 7 0,
111 7 0,
112 7 0,
113 7 0,
114 7 0,
115 7 0,
116 7 0,
117 7 0,
118 7 0,
119 7 0,
120 7 0,
121 7 0,
122 7 0,
123 7 0,
124 7 0,
125 7 0,
126 7 0,
127 7 0,
128 7 0,
129 7 0,
130 7 0,
131 7 0,
132 7 0,
133 7 0,
134 7 0,
135 7 0,
136 7 0,
137 7 0,
138 7 0,
139 7 0,
140 7 0,
141 7 0,
142 7 0,
143 7 0,
144 7 0,
145 7 0,
146 7 0,
147 7 0,
148 7 0,
149 7 0,
150 7 0,
151 7 0,
152 7 0,
153 7 0,
154 7 0,
155 7 0,
0 8 0,
1 8 0,
2 8 0,
3 8 0,
4 8 0,
5 8 0,
6 8 0,
7 8 0,
8 8 0,
9 8 0,
10 8 0,
11 8 0,
12 8 0,
13 8 0,
14 8 0,
15 8 0,
16 8 0,
17 8 0,
18 8 0,
19 8 0,
20 8 0,
21 8 0,
22 8 0,
23 8 0,
24 8 0,
25 8 0,
26 8 0,
27 8 0,
28 8 0,
29 8 0,
30 8 0,
31 8 0,
32 8 0,
33 8 0,
34 8 0,
35 8 0,
36 8 0,
37 8 0,
38 8 13,
39 8 13,
40 8 13,
41 8 14,
42 8 14,
43 8 0,
44 8 0,
45 8 14,
46 8 14,
47 8 0,
48 8 0,
49 8 0,
50 8 14,
51 8 14,
52 8 14,
53 8 14,
54 8 14,
55 8 14,
56 8 14,
57 8 14,
58 8 14,
59 8 14,
60 8 14,
61 8 14,
62 8 14,
63 8 14,
64 8 14,
65 8 14,
66 8 14,
67 8 14,
68 8 14,
69 8 14,
70 8 14,
71 8 14,
72 8 14,
73 8 14,
74 8 14,
75 8 14,
76 8 14,
77 8 14,
78 8 14,
79 8 14,
80 8 14,
81 8 14,
82 8 14,
83 8 14,
84 8 14,
85 8 14,
86 8 14,
87 8 14,
88 8 14,
89 8 14,
90 8 14,
91 8 14,
92 8 14,
93 8 14,
94 8 14,
95 8 14,
96 8 14,
97 8 14,
98 8 14,
99 8 14,
100 8 0,
101 8 0,
102 8 0,
103 8 14,
104 8 14,
105 8 0,
106 8 0,
107 8 14,
108 8 14,
109 8 13,
110 8 13,
111 8 13,
112 8 0,
113 8 0,
114 8 0,
115 8 0,
116 8 0,
117 8 0,
118 8 0,
119 8 0,
120 8 0,
121 8 0,
122 8 0,
123 8 0,
124 8 0,
125 8 0,
126 8 0,
127 8 0,
128 8 0,
129 8 0,
130 8 0,
131 8 0,
132 8 0,
133 8 0,
134 8 0,
135 8 0,
136 8 0,
137 8 0,
138 8 0,
139 8 0,
140 8 0,
141 8 0,
142 8 0,
143 8 0,
144 8 0,
145 8 0,
146 8 0,
147 8 0,
148 8 0,
149 8 0,
150 8 0,
151 8 0,
152 8 0,
153 8 0,
154 8 0,
155 8 0,
0 9 0,
1 9 0,
2 9 0,
3 9 0,
4 9 0,
5 9 0,
6 9 0,
7 9 0,
8 9 0,
9 9 0,
10 9 0,
11 9 0,
12 9 0,
13 9 0,
14 9 0,
15 9 0,
16 9 0,
17 9 0,
18 9 0,
19 9 0,
20 9 0,
21 9 0,
22 9 0,
23 9 0,
24 9 0,
25 9 0,
26 9 0,
27 9 0,
28 9 0,
29 9 0,
30 9 0,
31 9 0,
32 9 0,
33 9 0,
34 9 0,
35 9 0,
36 9 0,
37 9 13,
38 9 13,
39 9 14,
40 9 14,
41 9 0,
42 9 0,
43 9 14,
44 9 14,
45 9 0,
46 9 0,
47 9 14,
48 9 14,
49 9 14,
50 9 14,
51 9 14,
52 9 14,
53 9 14,
54 9 14,
55 9 14,
56 9 14,
57 9 14,
58 9 14,
59 9 14,
60 9 14,
61 9 14,
62 9 14,
63 9 14,
64 9 14,
65 9 14,
66 9 14,
67 9 14,
68 9 14,
69 9 14,
70 9 14,
71 9 14,
72 9 14,
73 9 14,
74 9 14,
75 9 14,
76 9 14,
77 9 14,
78 9 14,
79 9 14,
80 9 14,
81 9 14,
82 9 14,
83 9 14,
84 9 14,
85 9 14,
86 9 14,
87 9 14,
88 9 14,
89 9 14,
90 9 14,
91 9 14,
92 9 14,
93 9 14,
94 9 14,
95 9 14,
96 9 14,
97 9 14,
98 9 14,
99 9 14,
100 9 14,
101 9 14,
102 9 14,
103 9 0,
104 9 0,
105 9 14,
106 9 14,
107 9 0,
108 9 0,
109 9 14,
110 9 14,
111 9 13,
112 9 13,
113 9 0,
114 9 0,
115 9 0,
116 9 0,
117 9 0,
118 9 0,
119 9 0,
120 9 0,
121 9 0,
122 9 0,
123 9 0,
124 9 0,
125 9 0,
126 9 0,
127 9 0,
128 9 0,
129 9 0,
130 9 0,
131 9 0,
132 9 0,
133 9 0,
134 9 0,
135 9 0,
136 9 0,
137 9 0,
138 9 0,
139 9 0,
140 9 0,
141 9 0,
142 9 0,
143 9 0,
144 9 0,
145 9 0,
146 9 0,
147 9 0,
148 9 0,
149 9 0,
150 9 0,
151 9 0,
152 9 0,
153 9 0,
154 9 0,
155 9 0,
0 10 0,
1 10 0,
2 10 0,
3 10 0,
4 10 0,
5 10 0,
6 10 0,
7 10 0,
8 10 0,
9 10 0,
10 10 0,
11 10 0,
12 10 0,
13 10 0,
14 10 0,
15 10 0,
16 10 0,
17 10 0,
18 10 0,
19 10 0,
20 10 0,
21 10 0,
22 10 0,
23 10 0,
24 10 0,
25 10 0,
26 10 0,
27 10 0,
28 10 0,
29 10 0,
30 10 0,
31 10 0,
32 10 0,
33 10 0,
34 10 0,
35 10 0,
36 10 0,
37 10 13,
38 10 13,
39 10 14,
40 10 14,
41 10 0,
42 10 0,
43 10 14,
44 10 14,
45 10 0,
46 10 0,
47 10 14,
48 10 14,
49 10 14,
50 10 14,
51 10 14,
52 10 14,
53 10 14,
54 10 14,
55 10 14,
56 10 14,
57 10 14,
58 10 14,
59 10 14,
60 10 14,
61 10 14,
62 10 14,
63 10 14,
64 10 14,
65 10 14,
66 10 14,
67 10 14,
68 10 14,
69 10 14,
70 10 14,
71 10 14,
72 10 14,
73 10 14,
74 10 14,
75 10 14,
76 10 14,
77 10 14,
78 10 14,
79 10 14,
80 10 14,
81 10 14,
82 10 14,
83 10 14,
84 10 14,
85 10 14,
86 10 14,
87 10 14,
88 10 14,
89 10 14,
90 10 14,
91 10 14,
92 10 14,
93 10 14,
94 10 14,
95 10 14,
96 10 14,
97 10 14,
98 10 14,
99 10 14,
100 10 14,
101 10 14,
102 10 14,
103 10 0,
104 10 0,
105 10 14,
106 10 14,
107 10 0,
108 10 0,
109 10 14,
110 10 14,
111 10 13,
112 10 13,
113 10 0,
114 10 0,
115 10 0,
116 10 0,
117 10 0,
118 10 0,
119 10 0,
120 10 0,
121 10 0,
122 10 0,
123 10 0,
124 10 0,
125 10 0,
126 10 0,
127 10 0,
128 10 0,
129 10 0,
130 10 0,
131 10 0,
132 10 0,
133 10 0,
134 10 0,
135 10 0,
136 10 0,
137 10 0,
138 10 0,
139 10 0,
140 10 0,
141 10 0,
142 10 0,
143 10 0,
144 10 0,
145 10 0,
146 10 0,
147 10 0,
148 10 0,
149 10 0,
150 10 0,
151 10 0,
152 10 0,
153 10 0,
154 10 0,
155 10 0,
0 11 0,
1 11 0,
2 11 0,
3 11 0,
4 11 0,
5 11 0,
6 11 0,
7 11 0,
8 11 0,
9 11 0,
10 11 0,
11 11 0,
12 11 0,
13 11 0,
14 11 0,
15 11 0,
16 11 0,
17 11 0,
18 11 0,
19 11 0,
20 11 0,
21 11 0,
22 11 0,
23 11 0,
24 11 0,
25 11 0,
26 11 0,
27 11 0,
28 11 0,
29 11 0,
30 11 0,
31 11 0,
32 11 0,
33 11 0,
34 11 0,
35 11 0,
36 11 0,
37 11 13,
38 11 13,
39 11 14,
40 11 14,
41 11 0,
42 11 0,
43 11 14,
44 11 14,
45 11 0,
46 11 0,
47 11 14,
48 11 14,
49 11 14,
50 11 14,
51 11 14,
52 11 14,
53 11 14,
54 11 14,
55 11 14,
56 11 14,
57 11 14,
58 11 14,
59 11 14,
60 11 14,
61 11 14,
62 11 14,
63 11 14,
64 11 14,
65 11 14,
66 11 14,
67 11 14,
68 11 14,
69 11 14,
70 11 14,
71 11 14,
72 11 14,
73 11 14,
74 11 14,
75 11 14,
76 11 14,
77 11 14,
78 11 14,
79 11 14,
80 11 14,
81 11 14,
82 11 14,
83 11 14,
84 11 14,
85 11 14,
86 11 14,
87 11 14,
88 11 14,
89 11 14,
90 11 14,
91 11 14,
92 11 14,
93 11 14,
94 11 14,
95 11 14,
96 11 14,
97 11 14,
98 11 14,
99 11 14,
100 11 14,
101 11 14,
102 11 14,
103 11 0,
104 11 0,
105 11 14,
106 11 14,
107 11 0,
108 11 0,
109 11 14,
110 11 14,
111 11 13,
112 11 13,
113 11 0,
114 11 0,
115 11 0,
116 11 0,
117 11 0,
118 11 0,
119 11 0,
120 11 0,
121 11 0,
122 11 0,
123 11 0,
124 11 0,
125 11 0,
126 11 0,
127 11 0,
128 11 0,
129 11 0,
130 11 0,
131 11 0,
132 11 0,
133 11 0,
134 11 0,
135 11 0,
136 11 0,
137 11 0,
138 11 0,
139 11 0,
140 11 0,
141 11 0,
142 11 0,
143 11 0,
144 11 0,
145 11 0,
146 11 0,
147 11 0,
148 11 0,
149 11 0,
150 11 0,
151 11 0,
152 11 0,
153 11 0,
154 11 0,
155 11 0,
0 12 0,
1 12 0,
2 12 0,
3 12 0,
4 12 0,
5 12 0,
6 12 0,
7 12 0,
8 12 0,
9 12 0,
10 12 0,
11 12 0,
12 12 0,
13 12 0,
14 12 0,
15 12 0,
16 12 0,
17 12 0,
18 12 0,
19 12 0,
20 12 0,
21 12 0,
22 12 0,
23 12 0,
24 12 0,
25 12 0,
26 12 0,
27 12 0,
28 12 0,
29 12 0,
30 12 0,
31 12 0,
32 12 0,
33 12 0,
34 12 0,
35 12 0,
36 12 0,
37 12 0,
38 12 13,
39 12 13,
40 12 13,
41 12 14,
42 12 14,
43 12 0,
44 12 0,
45 12 14,
46 12 14,
47 12 0,
48 12 0,
49 12 0,
50 12 14,
51 12 14,
52 12 14,
53 12 14,
54 12 14,
55 12 14,
56 12 14,
57 12 14,
58 12 14,
59 12 14,
60 12 14,
61 12 14,
62 12 14,
63 12 14,
64 12 14,
65 12 14,
66 12 14,
67 12 14,
68 12 14,
69 12 14,
70 12 14,
71 12 14,
72 12 14,
73 12 14,
74 12 14,
75 12 14,
76 12 14,
77 12 14,
78 12 14,
79 12 14,
80 12 14,
81 12 14,
82 12 14,
83 12 14,
84 12 14,
85 12 14,
86 12 14,
87 12 14,
88 12 14,
89 12 14,
90 12 14,
91 12 14,
92 12 14,
93 12 14,
94 12 14,
95 12 14,
96 12 14,
97 12 14,
98 12 14,
99 12 14,
100 12 0,
101 12 0,
102 12 0,
103 12 14,
104 12 14,
105 12 0,
106 12 0,
107 12 14,
108 12 14,
109 12 13,
110 12 13,
111 12 13,
112 12 0,
113 12 0,
114 12 0,
115 12 0,
116 12 0,
117 12 0,
118 12 0,
119 12 0,
120 12 0,
121 12 0,
122 12 0,
123 12 0,
124 12 0,
125 12 0,
126 12 0,
127 12 0,
128 12 0,
129 12 0,
130 12 0,
131 12 0,
132 12 0,
133 12 0,
134 12 0,
135 12 0,
136 12 0,
137 12 0,
138 12 0,
139 12 0,
140 12 0,
141 12 0,
142 12 0,
143 12 0,
144 12 0,
145 12 0,
146 12 0,
147 12 0,
148 12 0,
149 12 0,
150 12 0,
151 12 0,
152 12 0,
153 12 0,
154 12 0,
155 12 0,
0 13 0,
1 13 0,
2 13 0,
3 13 0,
4 13 0,
5 13 0,
6 13 0,
7 13 0,
8 13 0,
9 13 0,
10 13 0,
11 13 0,
12 13 0,
13 13 0,
14 13 0,
15 13 0,
16 13 0,
17 13 0,
18 13 0,
19 13 0,
20 13 0,
21 13 0,
22 13 0,
23 13 0,
24 13 0,
25 13 0,
26 13 0,
27 13 0,
28 13 0,
29 13 0,
30 13 0,
31 13 0,
32 13 0,
33 13 0,
34 13 0,
35 13 0,
36 13 0,
37 13 0,
38 13 0,
39 13 0,
40 13 13,
41 13 13,
42 13 13,
43 13 14,
44 13 14,
45 13 0,
46 13 0,
47 13 14,
48 13 14,
49 13 14,
50 13 0,
51 13 0,
52 13 0,
53 13 0,
54 13 0,
55 13 14,
56 13 14,
57 13 14,
58 13 14,
59 13 14,
60 13 14,
61 13 14,
62 13 14,
63 13 14,
64 13 14,
65 13 14,
66 13 14,
67 13 14,
68 13 14,
69 13 14,
70 13 14,
71 13 14,
72 13 14,
73 13 14,
74 13 14,
75 13 14,
76 13 14,
77 13 14,
78 13 14,
79 13 14,
80 13 14,
81 13 14,
82 13 14,
83 13 14,
84 13 14,
85 13 14,
86 13 14,
87 13 14,
88 13 14,
89 13 14,
90 13 14,
91 13 14,
92 13 14,
93 13 14,
94 13 14,
95 13 0,
96 13 0,
97 13 0,
98 13 0,
99 13 0,
100 13 14,
101 13 14,
102 13 14,
103 13 0,
104 13 0,
105 13 14,
106 13 14,
107 13 13,
108 13 13,
109 13 13,
110 13 0,
111 13 0,
112 13 0,
113 13 0,
114 13 0,
115 13 0,
116 13 0,
117 13 0,
118 13 0,
119 13 0,
120 13 0,
121 13 0,
122 13 0,
123 13 0,
124 13 0,
125 13 0,
126 13 0,
127 13 0,
128 13 0,
129 13 0,
130 13 0,
131 13 0,
132 13 0,
133 13 0,
134 13 0,
135 13 0,
136 13 0,
137 13 0,
138 13 0,
139 13 0,
140 13 0,
141 13 0,
142 13 0,
143 13 0,
144 13 0,
145 13 0,
146 13 0,
147 13 0,
148 13 0,
149 13 0,
150 13 0,
151 13 0,
152 13 0,
153 13 0,
154 13 0,
155 13 0,
0 14 0,
1 14 0,
2 14 0,
3 14 0,
4 14 0,
5 14 0,
6 14 0,
7 14 0,
8 14 0,
9 14 0,
10 14 0,
11 14 0,
12 14 0,
13 14 0,
14 14 0,
15 14 0,
16 14 0,
17 14 0,
18 14 0,
19 14 0,
20 14 0,
21 14 0,
22 14 0,
23 14 0,
24 14 0,
25 14 0,
26 14 0,
27 14 0,
28 14 0,
29 14 0,
30 14 0,
31 14 0,
32 14 0,
33 14 0,
34 14 0,
35 14 0,
36 14 0,
37 14 0,
38 14 0,
39 14 0,
40 14 0,
41 14 0,
42 14 13,
43 14 13,
44 14 13,
45 14 14,
46 14 14,
47 14 0,
48 14 0,
49 14 0,
50 14 14,
51 14 14,
52 14 14,
53 14 14,
54 14 14,
55 14 0,
56 14 0,
57 14 0,
58 14 0,
59 14 0,
60 14 0,
61 14 0,
62 14 0,
63 14 0,
64 14 0,
65 14 0,
66 14 0,
67 14 0,
68 14 0,
69 14 0,
70 14 0,
71 14 0,
72 14 0,
73 14 0,
74 14 0,
75 14 0,
76 14 0,
77 14 0,
78 14 0,
79 14 0,
80 14 0,
81 14 0,
82 14 0,
83 14 0,
84 14 0,
85 14 0,
86 14 0,
87 14 0,
88 14 0,
89 14 0,
90 14 0,
91 14 0,
92 14 0,
93 14 0,
94 14 0,
95 14 14,
96 14 14,
97 14 14,
98 14 14,
99 14 14,
100 14 0,
101 14 0,
102 14 0,
103 14 14,
104 14 14,
105 14 13,
106 14 13,
107 14 13,
108 14 0,
109 14 0,
110 14 0,
111 14 0,
112 14 0,
113 14 0,
114 14 0,
115 14 0,
116 14 0,
117 14 0,
118 14 0,
119 14 0,
120 14 0,
121 14 0,
122 14 0,
123 14 0,
124 14 0,
125 14 0,
126 14 0,
127 14 0,
128 14 0,
129 14 0,
130 14 0,
131 14 0,
132 14 0,
133 14 0,
134 14 0,
135 14 0,
136 14 0,
137 14 0,
138 14 0,
139 14 0,
140 14 0,
141 14 0,
142 14 0,
143 14 0,
144 14 0,
145 14 0,
146 14 0,
147 14 0,
148 14 0,
149 14 0,
150 14 0,
151 14 0,
152 14 0,
153 14 0,
154 14 0,
155 14 0,
0 15 0,
1 15 0,
2 15 0,
3 15 0,
4 15 0,
5 15 0,
6 15 0,
7 15 0,
8 15 0,
9 15 0,
10 15 0,
11 15 0,
12 15 0,
13 15 0,
14 15 0,
15 15 0,
16 15 0,
17 15 0,
18 15 0,
19 15 0,
20 15 0,
21 15 0,
22 15 0,
23 15 0,
24 15 0,
25 15 0,
26 15 0,
27 15 0,
28 15 0,
29 15 0,
30 15 0,
31 15 0,
32 15 0,
33 15 0,
34 15 0,
35 15 0,
36 15 0,
37 15 0,
38 15 0,
39 15 0,
40 15 0,
41 15 0,
42 15 0,
43 15 0,
44 15 13,
45 15 13,
46 15 13,
47 15 14,
48 15 14,
49 15 14,
50 15 0,
51 15 0,
52 15 0,
53 15 0,
54 15 0,
55 15 14,
56 15 14,
57 15 14,
58 15 14,
59 15 14,
60 15 14,
61 15 14,
62 15 14,
63 15 14,
64 15 14,
65 15 14,
66 15 14,
67 15 14,
68 15 14,
69 15 14,
70 15 14,
71 15 14,
72 15 14,
73 15 14,
74 15 14,
75 15 14,
76 15 14,
77 15 14,
78 15 14,
79 15 14,
80 15 14,
81 15 14,
82 15 14,
83 15 14,
84 15 14,
85 15 14,
86 15 14,
87 15 14,
88 15 14,
89 15 14,
90 15 14,
91 15 14,
92 15 14,
93 15 14,
94 15 14,
95 15 0,
96 15 0,
97 15 0,
98 15 0,
99 15 0,
100 15 14,
101 15 14,
102 15 14,
103 15 13,
104 15 13,
105 15 13,
106 15 0,
107 15 0,
108 15 0,
109 15 0,
110 15 0,
111 15 0,
112 15 0,
113 15 0,
114 15 0,
115 15 0,
116 15 0,
117 15 0,
118 15 0,
119 15 0,
120 15 0,
121 15 0,
122 15 0,
123 15 0,
124 15 0,
125 15 0,
126 15 0,
127 15 0,
128 15 0,
129 15 0,
130 15 0,
131 15 0,
132 15 0,
133 15 0,
134 15 0,
135 15 0,
136 15 0,
137 15 0,
138 15 0,
139 15 0,
140 15 0,
141 15 0,
142 15 0,
143 15 0,
144 15 0,
145 15 0,
146 15 0,
147 15 0,
148 15 0,
149 15 0,
150 15 0,
151 15 0,
152 15 0,
153 15 0,
154 15 0,
155 15 0,
0 16 0,
1 16 0,
2 16 0,
3 16 0,
4 16 0,
5 16 0,
6 16 0,
7 16 0,
8 16 0,
9 16 0,
10 16 0,
11 16 0,
12 16 0,
13 16 0,
14 16 0,
15 16 0,
16 16 0,
17 16 0,
18 16 0,
19 16 0,
20 16 0,
21 16 0,
22 16 0,
23 16 0,
24 16 0,
25 16 0,
26 16 0,
27 16 0,
28 16 0,
29 16 0,
30 16 0,
31 16 0,
32 16 0,
33 16 0,
34 16 0,
35 16 0,
36 16 0,
37 16 0,
38 16 0,
39 16 0,
40 16 0,
41 16 0,
42 16 0,
43 16 0,
44 16 0,
45 16 0,
46 16 13,
47 16 13,
48 16 13,
49 16 13,
50 16 14,
51 16 14,
52 16 14,
53 16 14,
54 16 14,
55 16 0,
56 16 0,
57 16 0,
58 16 0,
59 16 0,
60 16 0,
61 16 0,
62 16 0,
63 16 0,
64 16 0,
65 16 0,
66 16 0,
67 16 0,
68 16 0,
69 16 0,
70 16 0,
71 16 0,
72 16 0,
73 16 0,
74 16 0,
75 16 0,
76 16 0,
77 16 0,
78 16 0,
79 16 0,
80 16 0,
81 16 0,
82 16 0,
83 16 0,
84 16 0,
85 16 0,
86 16 0,
87 16 0,
88 16 0,
89 16 0,
90 16 0,
91 16 0,
92 16 0,
93 16 0,
94 16 0,
95 16 14,
96 16 14,
97 16 14,
98 16 14,
99 16 14,
100 16 13,
101 16 13,
102 16 13,
103 16 13,
104 16 0,
105 16 0,
106 16 0,
107 16 0,
108 16 0,
109 16 0,
110 16 0,
111 16 0,
112 16 0,
113 16 0,
114 16 0,
115 16 0,
116 16 0,
117 16 0,
118 16 0,
119 16 0,
120 16 0,
121 16 0,
122 16 0,
123 16 0,
124 16 0,
125 16 0,
126 16 0,
127 16 0,
128 16 0,
129 16 0,
130 16 0,
131 16 0,
132 16 0,
133 16 0,
134 16 0,
135 16 0,
136 16 0,
137 16 0,
138 16 0,
139 16 0,
140 16 0,
141 16 0,
142 16 0,
143 16 0,
144 16 0,
145 16 0,
146 16 0,
147 16 0,
148 16 0,
149 16 0,
150 16 0,
151 16 0,
152 16 0,
153 16 0,
154 16 0,
155 16 0,
0 17 0,
1 17 0,
2 17 0,
3 17 0,
4 17 0,
5 17 0,
6 17 0,
7 17 0,
8 17 0,
9 17 0,
10 17 0,
11 17 0,
12 17 0,
13 17 0,
14 17 0,
15 17 0,
16 17 0,
17 17 0,
18 17 0,
19 17 0,
20 17 0,
21 17 0,
22 17 0,
23 17 0,
24 17 0,
25 17 0,
26 17 0,
27 17 0,
28 17 0,
29 17 0,
30 17 0,
31 17 0,
32 17 0,
33 17 0,
34 17 0,
35 17 0,
36 17 0,
37 17 0,
38 17 0,
39 17 0,
40 17 0,
41 17 0,
42 17 0,
43 17 0,
44 17 0,
45 17 0,
46 17 0,
47 17 0,
48 17 0,
49 17 13,
50 17 13,
51 17 13,
52 17 13,
53 17 13,
54 17 13,
55 17 14,
56 17 14,
57 17 14,
58 17 14,
59 17 14,
60 17 14,
61 17 14,
62 17 14,
63 17 14,
64 17 14,
65 17 14,
66 17 14,
67 17 14,
68 17 14,
69 17 14,
70 17 14,
71 17 14,
72 17 14,
73 17 14,
74 17 14,
75 17 14,
76 17 14,
77 17 14,
78 17 14,
79 17 14,
80 17 14,
81 17 14,
82 17 14,
83 17 14,
84 17 14,
85 17 14,
86 17 14,
87 17 14,
88 17 14,
89 17 14,
90 17 14,
91 17 14,
92 17 14,
93 17 14,
94 17 14,
95 17 13,
96 17 13,
97 17 13,
98 17 13,
99 17 13,
100 17 13,
101 17 0,
102 17 0,
103 17 0,
104 17 0,
105 17 0,
106 17 0,
107 17 0,
108 17 0,
109 17 0,
110 17 0,
111 17 0,
112 17 0,
113 17 0,
114 17 0,
115 17 0,
116 17 0,
117 17 0,
118 17 0,
119 17 0,
120 17 0,
121 17 0,
122 17 0,
123 17 0,
124 17 0,
125 17 0,
126 17 0,
127 17 0,
128 17 0,
129 17 0,
130 17 0,
131 17 0,
132 17 0,
133 17 0,
134 17 0,
135 17 0,
136 17 0,
137 17 0,
138 17 0,
139 17 0,
140 17 0,
141 17 0,
142 17 0,
143 17 0,
144 17 0,
145 17 0,
146 17 0,
147 17 0,
148 17 0,
149 17 0,
150 17 0,
151 17 0,
152 17 0,
153 17 0,
154 17 0,
155 17 0,
0 18 0,
1 18 0,
2 18 0,
3 18 0,
4 18 0,
5 18 0,
6 18 0,
7 18 0,
8 18 0,
9 18 0,
10 18 0,
11 18 0,
12 18 0,
13 18 0,
14 18 0,
15 18 0,
16 18 0,
17 18 0,
18 18 0,
19 18 0,
20 18 0,
21 18 0,
22 18 0,
23 18 0,
24 18 0,
25 18 0,
26 18 0,
27 18 0,
28 18 0,
29 18 0,
30 18 0,
31 18 0,
32 18 0,
33 18 0,
34 18 0,
35 18 0,
36 18 0,
37 18 0,
38 18 0,
39 18 0,
40 18 0,
41 18 0,
42 18 0,
43 18 0,
44 18 0,
45 18 0,
46 18 0,
47 18 0,
48 18 0,
49 18 0,
50 18 0,
51 18 0,
52 18 0,
53 18 0,
54 18 13,
55 18 13,
56 18 13,
57 18 13,
58 18 13,
59 18 13,
60 18 13,
61 18 13,
62 18 13,
63 18 13,
64 18 13,
65 18 13,
66 18 13,
67 18 13,
68 18 13,
69 18 13,
70 18 13,
71 18 13,
72 18 13,
73 18 13,
74 18 13,
75 18 13,
76 18 13,
77 18 13,
78 18 13,
79 18 13,
80 18 13,
81 18 13,
82 18 13,
83 18 13,
84 18 13,
85 18 13,
86 18 13,
87 18 13,
88 18 13,
89 18 13,
90 18 13,
91 18 13,
92 18 13,
93 18 13,
94 18 13,
95 18 13,
96 18 0,
97 18 0,
98 18 0,
99 18 0,
100 18 0,
101 18 0,
102 18 0,
103 18 0,
104 18 0,
105 18 0,
106 18 0,
107 18 0,
108 18 0,
109 18 0,
110 18 0,
111 18 0,
112 18 0,
113 18 0,
114 18 0,
115 18 0,
116 18 0,
117 18 0,
118 18 0,
119 18 0,
120 18 0,
121 18 0,
122 18 0,
123 18 0,
124 18 0,
125 18 0,
126 18 0,
127 18 0,
128 18 0,
129 18 0,
130 18 0,
131 18 0,
132 18 0,
133 18 0,
134 18 0,
135 18 0,
136 18 0,
137 18 0,
138 18 0,
139 18 0,
140 18 0,
141 18 0,
142 18 0,
143 18 0,
144 18 0,
145 18 0,
146 18 0,
147 18 0,
148 18 0,
149 18 0,
150 18 0,
151 18 0,
152 18 0,
153 18 0,
154 18 0,
155 18 0,
0 19 0,
1 19 0,
2 19 0,
3 19 0,
4 19 0,
5 19 0,
6 19 0,
7 19 0,
8 19 0,
9 19 0,
10 19 0,
11 19 0,
12 19 0,
13 19 0,
14 19 0,
15 19 0,
16 19 0,
17 19 0,
18 19 0,
19 19 0,
20 19 0,
21 19 0,
22 19 0,
23 19 0,
24 19 0,
25 19 0,
26 19 0,
27 19 0,
28 19 0,
29 19 0,
30 19 0,
31 19 0,
32 19 0,
33 19 0,
34 19 0,
35 19 0,
36 19 0,
37 19 0,
38 19 0,
39 19 0,
40 19 0,
41 19 0,
42 19 0,
43 19 0,
44 19 0,
45 19 0,
46 19 0,
47 19 0,
48 19 0,
49 19 0,
50 19 0,
51 19 0,
52 19 0,
53 19 0,
54 19 0,
55 19 0,
56 19 0,
57 19 0,
58 19 0,
59 19 0,
60 19 0,
61 19 0,
62 19 0,
63 19 0,
64 19 0,
65 19 0,
66 19 0,
67 19 0,
68 19 0,
69 19 0,
70 19 0,
71 19 0,
72 19 0,
73 19 0,
74 19 0,
75 19 0,
76 19 0,
77 19 0,
78 19 0,
79 19 0,
80 19 0,
81 19 0,
82 19 0,
83 19 0,
84 19 0,
85 19 0,
86 19 0,
87 19 0,
88 19 0,
89 19 0,
90 19 0,
91 19 0,
92 19 0,
93 19 0,
94 19 0,
95 19 0,
96 19 0,
97 19 0,
98 19 0,
99 19 0,
100 19 0,
101 19 0,
102 19 0,
103 19 0,
104 19 0,
105 19 0,
106 19 0,
107 19 0,
108 19 0,
109 19 0,
110 19 0,
111 19 0,
112 19 0,
113 19 0,
114 19 0,
115 19 0,
116 19 0,
117 19 0,
118 19 0,
119 19 0,
120 19 0,
121 19 0,
122 19 0,
123 19 0,
124 19 0,
125 19 0,
126 19 0,
127 19 0,
128 19 0,
129 19 0,
130 19 0,
131 19 0,
132 19 0,
133 19 0,
134 19 0,
135 19 0,
136 19 0,
137 19 0,
138 19 0,
139 19 0,
140 19 0,
141 19 0,
142 19 0,
143 19 0,
144 19 0,
145 19 0,
146 19 0,
147 19 0,
148 19 0,
149 19 0,
150 19 0,
151 19 0,
152 19 0,
153 19 0,
154 19 0,
155 19 0,
0 20 0,
1 20 0,
2 20 0,
3 20 0,
4 20 0,
5 20 0,
6 20 0,
7 20 0,
8 20 0,
9 20 0,
10 20 0,
11 20 0,
12 20 0,
13 20 0,
14 20 0,
15 20 0,
16 20 0,
17 20 0,
18 20 0,
19 20 0,
20 20 0,
21 20 0,
22 20 0,
23 20 0,
24 20 0,
25 20 0,
26 20 0,
27 20 0,
28 20 0,
29 20 0,
30 20 0,
31 20 0,
32 20 0,
33 20 0,
34 20 0,
35 20 0,
36 20 0,
37 20 0,
38 20 0,
39 20 0,
40 20 0,
41 20 0,
42 20 0,
43 20 0,
44 20 0,
45 20 0,
46 20 0,
47 20 0,
48 20 0,
49 20 0,
50 20 0,
51 20 0,
52 20 0,
53 20 0,
54 20 0,
55 20 0,
56 20 0,
57 20 0,
58 20 0,
59 20 0,
60 20 0,
61 20 0,
62 20 0,
63 20 0,
64 20 0,
65 20 0,
66 20 0,
67 20 0,
68 20 0,
69 20 0,
70 20 0,
71 20 0,
72 20 0,
73 20 0,
74 20 0,
75 20 0,
76 20 0,
77 20 0,
78 20 0,
79 20 0,
80 20 0,
81 20 0,
82 20 0,
83 20 0,
84 20 0,
85 20 0,
86 20 0,
87 20 0,
88 20 0,
89 20 0,
90 20 0,
91 20 0,
92 20 0,
93 20 0,
94 20 0,
95 20 0,
96 20 0,
97 20 0,
98 20 0,
99 20 0,
100 20 0,
101 20 0,
102 20 0,
103 20 0,
104 20 0,
105 20 0,
106 20 0,
107 20 0,
108 20 0,
109 20 0,
110 20 0,
111 20 0,
112 20 0,
113 20 0,
114 20 0,
115 20 0,
116 20 0,
117 20 0,
118 20 0,
119 20 0,
120 20 0,
121 20 0,
122 20 0,
123 20 0,
124 20 0,
125 20 0,
126 20 0,
127 20 0,
128 20 0,
129 20 0,
130 20 0,
131 20 0,
132 20 0,
133 20 0,
134 20 0,
135 20 0,
136 20 0,
137 20 0,
138 20 0,
139 20 0,
140 20 0,
141 20 0,
142 20 0,
143 20 0,
144 20 0,
145 20 0,
146 20 0,
147 20 0,
148 20 0,
149 20 0,
150 20 0,
151 20 0,
152 20 0,
153 20 0,
154 20 0,
155 20 0,
0 21 0,
1 21 0,
2 21 0,
3 21 0,
4 21 0,
5 21 0,
6 21 0,
7 21 0,
8 21 0,
9 21 0,
10 21 0,
11 21 0,
12 21 0,
13 21 0,
14 21 0,
15 21 0,
16 21 0,
17 21 0,
18 21 0,
19 21 0,
20 21 0,
21 21 0,
22 21 0,
23 21 0,
24 21 0,
25 21 0,
26 21 0,
27 21 0,
28 21 0,
29 21 0,
30 21 0,
31 21 0,
32 21 0,
33 21 0,
34 21 0,
35 21 0,
36 21 0,
37 21 0,
38 21 0,
39 21 0,
40 21 0,
41 21 0,
42 21 0,
43 21 0,
44 21 0,
45 21 0,
46 21 0,
47 21 0,
48 21 0,
49 21 0,
50 21 0,
51 21 0,
52 21 0,
53 21 0,
54 21 0,
55 21 0,
56 21 0,
57 21 0,
58 21 0,
59 21 0,
60 21 0,
61 21 0,
62 21 0,
63 21 0,
64 21 0,
65 21 0,
66 21 0,
67 21 0,
68 21 0,
69 21 0,
70 21 0,
71 21 0,
72 21 0,
73 21 0,
74 21 0,
75 21 0,
76 21 0,
77 21 0,
78 21 0,
79 21 0,
80 21 0,
81 21 0,
82 21 0,
83 21 0,
84 21 0,
85 21 0,
86 21 0,
87 21 0,
88 21 0,
89 21 0,
90 21 0,
91 21 0,
92 21 0,
93 21 0,
94 21 0,
95 21 0,
96 21 0,
97 21 0,
98 21 0,
99 21 0,
100 21 0,
101 21 0,
102 21 0,
103 21 0,
104 21 0,
105 21 0,
106 21 0,
107 21 0,
108 21 0,
109 21 0,
110 21 0,
111 21 0,
112 21 0,
113 21 0,
114 21 0,
115 21 0,
116 21 0,
117 21 0,
118 21 0,
119 21 0,
120 21 0,
121 21 0,
122 21 0,
123 21 0,
124 21 0,
125 21 0,
126 21 0,
127 21 0,
128 21 0,
129 21 0,
130 21 0,
131 21 0,
132 21 0,
133 21 0,
134 21 0,
135 21 0,
136 21 0,
137 21 0,
138 21 0,
139 21 0,
140 21 0,
141 21 0,
142 21 0,
143 21 0,
144 21 0,
145 21 0,
146 21 0,
147 21 0,
148 21 0,
149 21 0,
150 21 0,
151 21 0,
152 21 0,
153 21 0,
154 21 0,
155 21 0,
0 22 0,
1 22 0,
2 22 0,
3 22 0,
4 22 0,
5 22 0,
6 22 0,
7 22 0,
8 22 0,
9 22 0,
10 22 0,
11 22 0,
12 22 0,
13 22 0,
14 22 0,
15 22 0,
16 22 0,
17 22 0,
18 22 0,
19 22 0,
20 22 0,
21 22 0,
22 22 0,
23 22 0,
24 22 0,
25 22 0,
26 22 0,
27 22 0,
28 22 0,
29 22 0,
30 22 0,
31 22 0,
32 22 0,
33 22 0,
34 22 0,
35 22 0,
36 22 0,
37 22 0,
38 22 0,
39 22 0,
40 22 0,
41 22 0,
42 22 0,
43 22 0,
44 22 0,
45 22 0,
46 22 0,
47 22 0,
48 22 0,
49 22 0,
50 22 0,
51 22 0,
52 22 0,
53 22 0,
54 22 0,
55 22 0,
56 22 0,
57 22 0,
58 22 0,
59 22 0,
60 22 0,
61 22 0,
62 22 0,
63 22 0,
64 22 0,
65 22 0,
66 22 0,
67 22 0,
68 22 0,
69 22 0,
70 22 0,
71 22 0,
72 22 0,
73 22 0,
74 22 0,
75 22 0,
76 22 0,
77 22 0,
78 22 0,
79 22 0,
80 22 0,
81 22 0,
82 22 0,
83 22 0,
84 22 0,
85 22 0,
86 22 0,
87 22 0,
88 22 0,
89 22 0,
90 22 0,
91 22 0,
92 22 0,
93 22 0,
94 22 0,
95 22 0,
96 22 0,
97 22 0,
98 22 0,
99 22 0,
100 22 0,
101 22 0,
102 22 0,
103 22 0,
104 22 0,
105 22 0,
106 22 0,
107 22 0,
108 22 0,
109 22 0,
110 22 0,
111 22 0,
112 22 0,
113 22 0,
114 22 0,
115 22 0,
116 22 0,
117 22 0,
118 22 0,
119 22 0,
120 22 0,
121 22 0,
122 22 0,
123 22 0,
124 22 0,
125 22 0,
126 22 0,
127 22 0,
128 22 0,
129 22 0,
130 22 0,
131 22 0,
132 22 0,
133 22 0,
134 22 0,
135 22 0,
136 22 0,
137 22 0,
138 22 0,
139 22 0,
140 22 0,
141 22 0,
142 22 0,
143 22 0,
144 22 0,
145 22 0,
146 22 0,
147 22 0,
148 22 0,
149 22 0,
150 22 0,
151 22 0,
152 22 0,
153 22 0,
154 22 0,
155 22 0,
0 23 0,
1 23 0,
2 23 0,
3 23 0,
4 23 0,
5 23 0,
6 23 0,
7 23 0,
8 23 0,
9 23 0,
10 23 0,
11 23 0,
12 23 0,
13 23 0,
14 23 0,
15 23 0,
16 23 0,
17 23 0,
18 23 0,
19 23 0,
20 23 0,
21 23 0,
22 23 0,
23 23 0,
24 23 0,
25 23 0,
26 23 0,
27 23 0,
28 23 0,
29 23 0,
30 23 0,
31 23 0,
32 23 0,
33 23 0,
34 23 0,
35 23 0,
36 23 0,
37 23 0,
38 23 0,
39 23 0,
40 23 0,
41 23 0,
42 23 0,
43 23 0,
44 23 0,
45 23 0,
46 23 0,
47 23 0,
48 23 0,
49 23 0,
50 23 0,
51 23 0,
52 23 0,
53 23 0,
54 23 0,
55 23 0,
56 23 0,
57 23 0,
58 23 0,
59 23 0,
60 23 0,
61 23 0,
62 23 0,
63 23 0,
64 23 0,
65 23 0,
66 23 0,
67 23 0,
68 23 0,
69 23 0,
70 23 0,
71 23 0,
72 23 0,
73 23 0,
74 23 0,
75 23 0,
76 23 0,
77 23 0,
78 23 0,
79 23 0,
80 23 0,
81 23 0,
82 23 0,
83 23 0,
84 23 0,
85 23 0,
86 23 0,
87 23 0,
88 23 0,
89 23 0,
90 23 0,
91 23 0,
92 23 0,
93 23 0,
94 23 0,
95 23 0,
96 23 0,
97 23 0,
98 23 0,
99 23 0,
100 23 0,
101 23 0,
102 23 0,
103 23 0,
104 23 0,
105 23 0,
106 23 0,
107 23 0,
108 23 0,
109 23 0,
110 23 0,
111 23 0,
112 23 0,
113 23 0,
114 23 0,
115 23 0,
116 23 0,
117 23 0,
118 23 0,
119 23 0,
120 23 0,
121 23 0,
122 23 0,
123 23 0,
124 23 0,
125 23 0,
126 23 0,
127 23 0,
128 23 0,
129 23 0,
130 23 0,
131 23 0,
132 23 0,
133 23 0,
134 23 0,
135 23 0,
136 23 0,
137 23 0,
138 23 0,
139 23 0,
140 23 0,
141 23 0,
142 23 0,
143 23 0,
144 23 0,
145 23 0,
146 23 0,
147 23 0,
148 23 0,
149 23 0,
150 23 0,
151 23 0,
152 23 0,
153 23 0,
154 23 0,
155 23 0,
0 24 0,
1 24 0,
2 24 0,
3 24 0,
4 24 0,
5 24 0,
6 24 0,
7 24 0,
8 24 0,
9 24 0,
10 24 0,
11 24 0,
12 24 0,
13 24 0,
14 24 0,
15 24 0,
16 24 0,
17 24 0,
18 24 0,
19 24 0,
20 24 0,
21 24 0,
22 24 0,
23 24 0,
24 24 0,
25 24 0,
26 24 0,
27 24 0,
28 24 0,
29 24 0,
30 24 0,
31 24 0,
32 24 0,
33 24 0,
34 24 0,
35 24 0,
36 24 0,
37 24 0,
38 24 0,
39 24 0,
40 24 0,
41 24 0,
42 24 0,
43 24 0,
44 24 0,
45 24 0,
46 24 0,
47 24 0,
48 24 0,
49 24 0,
50 24 0,
51 24 0,
52 24 0,
53 24 0,
54 24 0,
55 24 0,
56 24 0,
57 24 0,
58 24 0,
59 24 0,
60 24 0,
61 24 0,
62 24 0,
63 24 0,
64 24 0,
65 24 0,
66 24 0,
67 24 0,
68 24 0,
69 24 0,
70 24 0,
71 24 0,
72 24 0,
73 24 0,
74 24 0,
75 24 0,
76 24 0,
77 24 0,
78 24 0,
79 24 0,
80 24 0,
81 24 0,
82 24 0,
83 24 0,
84 24 0,
85 24 0,
86 24 0,
87 24 0,
88 24 0,
89 24 0,
90 24 0,
91 24 0,
92 24 0,
93 24 0,
94 24 0,
95 24 0,
96 24 0,
97 24 0,
98 24 0,
99 24 0,
100 24 0,
101 24 0,
102 24 0,
103 24 0,
104 24 0,
105 24 0,
106 24 0,
107 24 0,
108 24 0,
109 24 0,
110 24 0,
111 24 0,
112 24 0,
113 24 0,
114 24 0,
115 24 0,
116 24 0,
117 24 0,
118 24 0,
119 24 0,
120 24 0,
121 24 0,
122 24 0,
123 24 0,
124 24 0,
125 24 0,
126 24 0,
127 24 0,
128 24 0,
129 24 0,
130 24 0,
131 24 0,
132 24 0,
133 24 0,
134 24 0,
135 24 0,
136 24 0,
137 24 0,
138 24 0,
139 24 0,
140 24 0,
141 24 0,
142 24 0,
143 24 0,
144 24 0,
145 24 0,
146 24 0,
147 24 0,
148 24 0,
149 24 0,
150 24 0,
151 24 0,
152 24 0,
153 24 0,
154 24 0,
155 24 0,
0 25 0,
1 25 0,
2 25 0,
3 25 0,
4 25 0,
5 25 0,
6 25 0,
7 25 0,
8 25 0,
9 25 0,
10 25 0,
11 25 0,
12 25 0,
13 25 0,
14 25 0,
15 25 0,
16 25 0,
17 25 0,
18 25 0,
19 25 0,
20 25 0,
21 25 0,
22 25 0,
23 25 0,
24 25 0,
25 25 0,
26 25 0,
27 25 0,
28 25 0,
29 25 0,
30 25 0,
31 25 0,
32 25 0,
33 25 0,
34 25 0,
35 25 0,
36 25 0,
37 25 0,
38 25 0,
39 25 0,
40 25 0,
41 25 0,
42 25 0,
43 25 0,
44 25 0,
45 25 0,
46 25 0,
47 25 0,
48 25 0,
49 25 0,
50 25 0,
51 25 0,
52 25 0,
53 25 0,
54 25 0,
55 25 0,
56 25 0,
57 25 0,
58 25 0,
59 25 0,
60 25 0,
61 25 0,
62 25 0,
63 25 0,
64 25 0,
65 25 0,
66 25 0,
67 25 0,
68 25 0,
69 25 0,
70 25 0,
71 25 0,
72 25 0,
73 25 0,
74 25 0,
75 25 0,
76 25 0,
77 25 0,
78 25 0,
79 25 0,
80 25 0,
81 25 0,
82 25 0,
83 25 0,
84 25 0,
85 25 0,
86 25 0,
87 25 0,
88 25 0,
89 25 0,
90 25 0,
91 25 0,
92 25 0,
93 25 0,
94 25 0,
95 25 0,
96 25 0,
97 25 0,
98 25 0,
99 25 0,
100 25 0,
101 25 0,
102 25 0,
103 25 0,
104 25 0,
105 25 0,
106 25 0,
107 25 0,
108 25 0,
109 25 0,
110 25 0,
111 25 0,
112 25 0,
113 25 0,
114 25 0,
115 25 0,
116 25 0,
117 25 0,
118 25 0,
119 25 0,
120 25 0,
121 25 0,
122 25 0,
123 25 0,
124 25 0,
125 25 0,
126 25 0,
127 25 0,
128 25 0,
129 25 0,
130 25 0,
131 25 0,
132 25 0,
133 25 0,
134 25 0,
135 25 0,
136 25 0,
137 25 0,
138 25 0,
139 25 0,
140 25 0,
141 25 0,
142 25 0,
143 25 0,
144 25 0,
145 25 0,
146 25 0,
147 25 0,
148 25 0,
149 25 0,
150 25 0,
151 25 0,
152 25 0,
153 25 0,
154 25 0,
155 25 0,
0 26 0,
1 26 0,
2 26 0,
3 26 0,
4 26 0,
5 26 0,
6 26 0,
7 26 0,
8 26 0,
9 26 0,
10 26 0,
11 26 0,
12 26 0,
13 26 0,
14 26 0,
15 26 0,
16 26 0,
17 26 0,
18 26 0,
19 26 0,
20 26 0,
21 26 0,
22 26 0,
23 26 0,
24 26 0,
25 26 0,
26 26 0,
27 26 0,
28 26 0,
29 26 0,
30 26 0,
31 26 0,
32 26 0,
33 26 0,
34 26 0,
35 26 0,
36 26 0,
37 26 0,
38 26 0,
39 26 0,
40 26 0,
41 26 0,
42 26 0,
43 26 0,
44 26 0,
45 26 0,
46 26 0,
47 26 0,
48 26 0,
49 26 0,
50 26 0,
51 26 0,
52 26 0,
53 26 0,
54 26 0,
55 26 0,
56 26 0,
57 26 0,
58 26 0,
59 26 0,
60 26 0,
61 26 0,
62 26 0,
63 26 0,
64 26 0,
65 26 0,
66 26 0,
67 26 0,
68 26 0,
69 26 0,
70 26 0,
71 26 0,
72 26 0,
73 26 0,
74 26 0,
75 26 0,
76 26 0,
77 26 0,
78 26 0,
79 26 0,
80 26 0,
81 26 0,
82 26 0,
83 26 0,
84 26 0,
85 26 0,
86 26 0,
87 26 0,
88 26 0,
89 26 0,
90 26 0,
91 26 0,
92 26 0,
93 26 0,
94 26 0,
95 26 0,
96 26 0,
97 26 0,
98 26 0,
99 26 0,
100 26 0,
101 26 0,
102 26 0,
103 26 0,
104 26 0,
105 26 0,
106 26 0,
107 26 0,
108 26 0,
109 26 0,
110 26 0,
111 26 0,
112 26 0,
113 26 0,
114 26 0,
115 26 0,
116 26 0,
117 26 0,
118 26 0,
119 26 0,
120 26 0,
121 26 0,
122 26 0,
123 26 0,
124 26 0,
125 26 0,
126 26 0,
127 26 0,
128 26 0,
129 26 0,
130 26 0,
131 26 0,
132 26 0,
133 26 0,
134 26 0,
135 26 0,
136 26 0,
137 26 0,
138 26 0,
139 26 0,
140 26 0,
141 26 0,
142 26 0,
143 26 0,
144 26 0,
145 26 0,
146 26 0,
147 26 0,
148 26 0,
149 26 0,
150 26 0,
151 26 0,
152 26 0,
153 26 0,
154 26 0,
155 26 0,
0 27 0,
1 27 0,
2 27 0,
3 27 0,
4 27 0,
5 27 0,
6 27 0,
7 27 0,
8 27 0,
9 27 0,
10 27 0,
11 27 0,
12 27 0,
13 27 0,
14 27 0,
15 27 0,
16 27 0,
17 27 0,
18 27 0,
19 27 0,
20 27 0,
21 27 0,
22 27 0,
23 27 0,
24 27 0,
25 27 0,
26 27 0,
27 27 0,
28 27 0,
29 27 0,
30 27 0,
31 27 0,
32 27 0,
33 27 0,
34 27 0,
35 27 0,
36 27 0,
37 27 0,
38 27 0,
39 27 0,
40 27 0,
41 27 0,
42 27 0,
43 27 0,
44 27 0,
45 27 0,
46 27 0,
47 27 0,
48 27 0,
49 27 0,
50 27 0,
51 27 0,
52 27 0,
53 27 0,
54 27 0,
55 27 0,
56 27 0,
57 27 0,
58 27 0,
59 27 0,
60 27 0,
61 27 0,
62 27 0,
63 27 0,
64 27 0,
65 27 0,
66 27 0,
67 27 0,
68 27 0,
69 27 0,
70 27 0,
71 27 0,
72 27 0,
73 27 0,
74 27 0,
75 27 0,
76 27 0,
77 27 0,
78 27 0,
79 27 0,
80 27 0,
81 27 0,
82 27 0,
83 27 0,
84 27 0,
85 27 0,
86 27 0,
87 27 0,
88 27 0,
89 27 0,
90 27 0,
91 27 0,
92 27 0,
93 27 0,
94 27 0,
95 27 0,
96 27 0,
97 27 0,
98 27 0,
99 27 0,
100 27 0,
101 27 0,
102 27 0,
103 27 0,
104 27 0,
105 27 0,
106 27 0,
107 27 0,
108 27 0,
109 27 0,
110 27 0,
111 27 0,
112 27 0,
113 27 0,
114 27 0,
115 27 0,
116 27 0,
117 27 0,
118 27 0,
119 27 0,
120 27 0,
121 27 0,
122 27 0,
123 27 0,
124 27 0,
125 27 0,
126 27 0,
127 27 0,
128 27 0,
129 27 0,
130 27 0,
131 27 0,
132 27 0,
133 27 0,
134 27 0,
135 27 0,
136 27 0,
137 27 0,
138 27 0,
139 27 0,
140 27 0,
141 27 0,
142 27 0,
143 27 0,
144 27 0,
145 27 0,
146 27 0,
147 27 0,
148 27 0,
149 27 0,
150 27 0,
151 27 0,
152 27 0,
153 27 0,
154 27 0,
155 27 0,
0 28 0,
1 28 0,
2 28 0,
3 28 0,
4 28 0,
5 28 0,
6 28 0,
7 28 0,
8 28 0,
9 28 0,
10 28 0,
11 28 0,
12 28 0,
13 28 0,
14 28 0,
15 28 0,
16 28 0,
17 28 0,
18 28 0,
19 28 0,
20 28 0,
21 28 0,
22 28 0,
23 28 0,
24 28 0,
25 28 0,
26 28 0,
27 28 0,
28 28 0,
29 28 0,
30 28 0,
31 28 0,
32 28 0,
33 28 0,
34 28 0,
35 28 0,
36 28 0,
37 28 0,
38 28 0,
39 28 0,
40 28 0,
41 28 0,
42 28 0,
43 28 0,
44 28 0,
45 28 0,
46 28 0,
47 28 0,
48 28 0,
49 28 0,
50 28 0,
51 28 0,
52 28 0,
53 28 0,
54 28 0,
55 28 0,
56 28 0,
57 28 0,
58 28 0,
59 28 0,
60 28 0,
61 28 0,
62 28 0,
63 28 0,
64 28 0,
65 28 0,
66 28 0,
67 28 0,
68 28 0,
69 28 0,
70 28 0,
71 28 0,
72 28 0,
73 28 0,
74 28 0,
75 28 0,
76 28 0,
77 28 0,
78 28 0,
79 28 0,
80 28 0,
81 28 0,
82 28 0,
83 28 0,
84 28 0,
85 28 0,
86 28 0,
87 28 0,
88 28 0,
89 28 0,
90 28 0,
91 28 0,
92 28 0,
93 28 0,
94 28 0,
95 28 0,
96 28 0,
97 28 0,
98 28 0,
99 28 0,
100 28 0,
101 28 0,
102 28 0,
103 28 0,
104 28 0,
105 28 0,
106 28 0,
107 28 0,
108 28 0,
109 28 0,
110 28 0,
111 28 0,
112 28 0,
113 28 0,
114 28 0,
115 28 0,
116 28 0,
117 28 0,
118 28 0,
119 28 0,
120 28 0,
121 28 0,
122 28 0,
123 28 0,
124 28 0,
125 28 0,
126 28 0,
127 28 0,
128 28 0,
129 28 0,
130 28 0,
131 28 0,
132 28 0,
133 28 0,
134 28 0,
135 28 0,
136 28 0,
137 28 0,
138 28 0,
139 28 0,
140 28 0,
141 28 0,
142 28 0,
143 28 0,
144 28 0,
145 28 0,
146 28 0,
147 28 0,
148 28 0,
149 28 0,
150 28 0,
151 28 0,
152 28 0,
153 28 0,
154 28 0,
155 28 0,
0 29 0,
1 29 0,
2 29 0,
3 29 0,
4 29 0,
5 29 0,
6 29 0,
7 29 0,
8 29 0,
9 29 0,
10 29 0,
11 29 0,
12 29 0,
13 29 0,
14 29 0,
15 29 0,
16 29 0,
17 29 0,
18 29 0,
19 29 0,
20 29 0,
21 29 0,
22 29 0,
23 29 0,
24 29 0,
25 29 0,
26 29 0,
27 29 0,
28 29 0,
29 29 0,
30 29 0,
31 29 0,
32 29 0,
33 29 0,
34 29 0,
35 29 0,
36 29 0,
37 29 0,
38 29 0,
39 29 0,
40 29 0,
41 29 0,
42 29 0,
43 29 0,
44 29 0,
45 29 0,
46 29 0,
47 29 0,
48 29 0,
49 29 0,
50 29 0,
51 29 0,
52 29 0,
53 29 0,
54 29 0,
55 29 0,
56 29 0,
57 29 0,
58 29 0,
59 29 0,
60 29 0,
61 29 0,
62 29 0,
63 29 0,
64 29 0,
65 29 0,
66 29 0,
67 29 0,
68 29 0,
69 29 0,
70 29 0,
71 29 0,
72 29 0,
73 29 0,
74 29 0,
75 29 0,
76 29 0,
77 29 0,
78 29 0,
79 29 0,
80 29 0,
81 29 0,
82 29 0,
83 29 0,
84 29 0,
85 29 0,
86 29 0,
87 29 0,
88 29 0,
89 29 0,
90 29 0,
91 29 0,
92 29 0,
93 29 0,
94 29 0,
95 29 0,
96 29 0,
97 29 0,
98 29 0,
99 29 0,
100 29 0,
101 29 0,
102 29 0,
103 29 0,
104 29 0,
105 29 0,
106 29 0,
107 29 0,
108 29 0,
109 29 0,
110 29 0,
111 29 0,
112 29 0,
113 29 0,
114 29 0,
115 29 0,
116 29 0,
117 29 0,
118 29 0,
119 29 0,
120 29 0,
121 29 0,
122 29 0,
123 29 0,
124 29 0,
125 29 0,
126 29 0,
127 29 0,
128 29 0,
129 29 0,
130 29 0,
131 29 0,
132 29 0,
133 29 0,
134 29 0,
135 29 0,
136 29 0,
137 29 0,
138 29 0,
139 29 0,
140 29 0,
141 29 0,
142 29 0,
143 29 0,
144 29 0,
145 29 0,
146 29 0,
147 29 0,
148 29 0,
149 29 0,
150 29 0,
151 29 0,
152 29 0,
153 29 0,
154 29 0,
155 29 0