0 0 0,
1 0 0,
2 0 0,
3 0 0,
4 0 0,
5 0 0,
6 0 0,
7 0 0,
8 0 0,
9 0 0,
10 0 0,
11 0 0,
12 0 0,
13 0 0,
14 0 0,
15 0 0,
16 0 0,
17 0 0,
18 0 0,
19 0 0,
20 0 0,
21 0 0,
22 0 0,
23 0 0,
24 0 0,
25 0 0,
26 0 0,
27 0 0,
28 0 0,
29 0 0,
30 0 0,
31 0 0,
32 0 0,
33 0 0,
34 0 0,
35 0 0,
36 0 0,
37 0 0,
38 0 0,
39 0 0,
40 0 0,
41 0 0,
42 0 0,
43 0 0,
44 0 0,
45 0 0,
46 0 0,
47 0 0,
48 0 0,
49 0 0,
50 0 0,
51 0 0,
52 0 0,
53 0 0,
54 0 0,
55 0 0,
56 0 0,
57 0 0,
58 0 0,
59 0 0,
60 0 0,
61 0 0,
62 0 0,
63 0 0,
64 0 0,
65 0 0,
66 0 0,
67 0 0,
68 0 0,
69 0 0,
70 0 0,
71 0 0,
72 0 0,
73 0 0,
74 0 0,
75 0 0,
76 0 0,
77 0 0,
78 0 0,
79 0 0,
80 0 0,
81 0 0,
82 0 0,
83 0 0,
84 0 0,
85 0 0,
86 0 0,
87 0 0,
88 0 0,
89 0 0,
90 0 0,
91 0 0,
92 0 0,
93 0 0,
94 0 0,
95 0 0,
96 0 0,
97 0 0,
98 0 0,
99 0 0,
100 0 0,
101 0 0,
102 0 0,
103 0 0,
104 0 0,
105 0 0,
106 0 0,
107 0 0,
108 0 0,
109 0 0,
110 0 0,
111 0 0,
112 0 0,
113 0 0,
114 0 0,
115 0 0,
116 0 0,
117 0 0,
118 0 0,
119 0 0,
120 0 0,
121 0 0,
122 0 0,
123 0 0,
124 0 0,
125 0 0,
126 0 0,
127 0 0,
128 0 0,
129 0 0,
130 0 0,
131 0 0,
132 0 0,
133 0 0,
134 0 0,
135 0 0,
136 0 0,
137 0 0,
138 0 0,
139 0 0,
140 0 0,
141 0 0,
142 0 0,
143 0 0,
144 0 0,
145 0 0,
146 0 0,
147 0 0,
148 0 0,
149 0 0,
150 0 0,
151 0 0,
152 0 0,
153 0 0,
154 0 0,
155 0 0,
0 1 0,
1 1 0,
2 1 0,
3 1 0,
4 1 0,
5 1 0,
6 1 0,
7 1 0,
8 1 0,
9 1 0,
10 1 0,
11 1 0,
12 1 0,
13 1 0,
14 1 0,
15 1 0,
16 1 0,
17 1 0,
18 1 0,
19 1 0,
20 1 0,
21 1 0,
22 1 0,
23 1 0,
24 1 0,
25 1 0,
26 1 0,
27 1 0,
28 1 0,
29 1 0,
30 1 0,
31 1 8,
32 1 8,
33 1 8,
34 1 8,
35 1 8,
36 1 8,
37 1 8,
38 1 8,
39 1 8,
40 1 8,
41 1 8,
42 1 8,
43 1 8,
44 1 8,
45 1 8,
46 1 8,
47 1 8,
48 1 8,
49 1 8,
50 1 8,
51 1 8,
52 1 8,
53 1 8,
54 1 8,
55 1 8,
56 1 8,
57 1 8,
58 1 8,
59 1 8,
60 1 8,
61 1 8,
62 1 8,
63 1 8,
64 1 8,
65 1 8,
66 1 8,
67 1 8,
68 1 8,
69 1 8,
70 1 8,
71 1 8,
72 1 8,
73 1 8,
74 1 8,
75 1 8,
76 1 8,
77 1 8,
78 1 8,
79 1 8,
80 1 8,
81 1 8,
82 1 8,
83 1 8,
84 1 8,
85 1 8,
86 1 8,
87 1 8,
88 1 8,
89 1 8,
90 1 8,
91 1 8,
92 1 8,
93 1 8,
94 1 8,
95 1 8,
96 1 8,
97 1 8,
98 1 8,
99 1 8,
100 1 8,
101 1 8,
102 1 8,
103 1 8,
104 1 8,
105 1 8,
106 1 8,
107 1 8,
108 1 8,
109 1 8,
110 1 8,
111 1 8,
112 1 8,
113 1 8,
114 1 8,
115 1 8,
116 1 8,
117 1 8,
118 1 8,
119 1 0,
120 1 0,
121 1 0,
122 1 0,
123 1 0,
124 1 0,
125 1 0,
126 1 0,
127 1 0,
128 1 0,
129 1 0,
130 1 0,
131 1 0,
132 1 0,
133 1 0,
134 1 0,
135 1 0,
136 1 0,
137 1 0,
138 1 0,
139 1 0,
140 1 0,
141 1 0,
142 1 0,
143 1 0,
144 1 0,
145 1 0,
146 1 0,
147 1 0,
148 1 0,
149 1 0,
150 1 0,
151 1 0,
152 1 0,
153 1 0,
154 1 0,
155 1 0,
0 2 0,
1 2 0,
2 2 0,
3 2 0,
4 2 0,
5 2 0,
6 2 0,
7 2 0,
8 2 0,
9 2 0,
10 2 0,
11 2 0,
12 2 0,
13 2 0,
14 2 0,
15 2 0,
16 2 0,
17 2 0,
18 2 0,
19 2 0,
20 2 0,
21 2 0,
22 2 0,
23 2 0,
24 2 0,
25 2 0,
26 2 0,
27 2 0,
28 2 0,
29 2 0,
30 2 0,
31 2 8,
32 2 8,
33 2 5,
34 2 5,
35 2 5,
36 2 5,
37 2 5,
38 2 5,
39 2 5,
40 2 5,
41 2 5,
42 2 5,
43 2 5,
44 2 5,
45 2 5,
46 2 5,
47 2 5,
48 2 5,
49 2 5,
50 2 5,
51 2 5,
52 2 5,
53 2 5,
54 2 5,
55 2 5,
56 2 5,
57 2 5,
58 2 5,
59 2 5,
60 2 5,
61 2 5,
62 2 5,
63 2 5,
64 2 5,
65 2 5,
66 2 5,
67 2 5,
68 2 5,
69 2 5,
70 2 5,
71 2 5,
72 2 5,
73 2 5,
74 2 5,
75 2 5,
76 2 5,
77 2 5,
78 2 5,
79 2 5,
80 2 5,
81 2 5,
82 2 5,
83 2 5,
84 2 5,
85 2 5,
86 2 5,
87 2 5,
88 2 5,
89 2 5,
90 2 5,
91 2 5,
92 2 5,
93 2 5,
94 2 5,
95 2 5,
96 2 5,
97 2 5,
98 2 5,
99 2 5,
100 2 5,
101 2 5,
102 2 5,
103 2 5,
104 2 5,
105 2 5,
106 2 5,
107 2 5,
108 2 5,
109 2 5,
110 2 5,
111 2 5,
112 2 5,
113 2 5,
114 2 5,
115 2 5,
116 2 5,
117 2 8,
118 2 8,
119 2 0,
120 2 0,
121 2 0,
122 2 0,
123 2 0,
124 2 0,
125 2 0,
126 2 0,
127 2 0,
128 2 0,
129 2 0,
130 2 0,
131 2 0,
132 2 0,
133 2 0,
134 2 0,
135 2 0,
136 2 0,
137 2 0,
138 2 0,
139 2 0,
140 2 0,
141 2 0,
142 2 0,
143 2 0,
144 2 0,
145 2 0,
146 2 0,
147 2 0,
148 2 0,
149 2 0,
150 2 0,
151 2 0,
152 2 0,
153 2 0,
154 2 0,
155 2 0,
0 3 0,
1 3 0,
2 3 0,
3 3 0,
4 3 0,
5 3 0,
6 3 0,
7 3 0,
8 3 0,
9 3 0,
10 3 0,
11 3 0,
12 3 0,
13 3 0,
14 3 0,
15 3 0,
16 3 0,
17 3 0,
18 3 0,
19 3 0,
20 3 0,
21 3 0,
22 3 0,
23 3 0,
24 3 0,
25 3 0,
26 3 0,
27 3 0,
28 3 0,
29 3 0,
30 3 0,
31 3 8,
32 3 8,
33 3 5,
34 3 5,
35 3 5,
36 3 5,
37 3 5,
38 3 5,
39 3 5,
40 3 5,
41 3 5,
42 3 5,
43 3 5,
44 3 5,
45 3 5,
46 3 5,
47 3 5,
48 3 5,
49 3 5,
50 3 5,
51 3 5,
52 3 5,
53 3 5,
54 3 5,
55 3 5,
56 3 5,
57 3 5,
58 3 5,
59 3 9,
60 3 9,
61 3 9,
62 3 9,
63 3 9,
64 3 15,
65 3 15,
66 3 5,
67 3 5,
68 3 5,
69 3 5,
70 3 5,
71 3 5,
72 3 5,
73 3 5,
74 3 5,
75 3 5,
76 3 5,
77 3 5,
78 3 5,
79 3 5,
80 3 5,
81 3 5,
82 3 5,
83 3 5,
84 3 5,
85 3 5,
86 3 5,
87 3 5,
88 3 5,
89 3 5,
90 3 5,
91 3 5,
92 3 5,
93 3 5,
94 3 5,
95 3 5,
96 3 5,
97 3 5,
98 3 5,
99 3 5,
100 3 5,
101 3 5,
102 3 5,
103 3 5,
104 3 5,
105 3 5,
106 3 5,
107 3 5,
108 3 5,
109 3 5,
110 3 5,
111 3 5,
112 3 5,
113 3 5,
114 3 5,
115 3 5,
116 3 5,
117 3 8,
118 3 8,
119 3 0,
120 3 0,
121 3 0,
122 3 0,
123 3 0,
124 3 0,
125 3 0,
126 3 0,
127 3 0,
128 3 0,
129 3 0,
130 3 0,
131 3 0,
132 3 0,
133 3 0,
134 3 0,
135 3 0,
136 3 0,
137 3 0,
138 3 0,
139 3 0,
140 3 0,
141 3 0,
142 3 0,
143 3 0,
144 3 0,
145 3 0,
146 3 0,
147 3 0,
148 3 0,
149 3 0,
150 3 0,
151 3 0,
152 3 0,
153 3 0,
154 3 0,
155 3 0,
0 4 0,
1 4 0,
2 4 0,
3 4 0,
4 4 0,
5 4 0,
6 4 0,
7 4 0,
8 4 0,
9 4 0,
10 4 0,
11 4 0,
12 4 0,
13 4 0,
14 4 0,
15 4 0,
16 4 0,
17 4 0,
18 4 0,
19 4 0,
20 4 0,
21 4 0,
22 4 0,
23 4 0,
24 4 0,
25 4 0,
26 4 0,
27 4 0,
28 4 0,
29 4 0,
30 4 0,
31 4 8,
32 4 8,
33 4 5,
34 4 5,
35 4 5,
36 4 5,
37 4 5,
38 4 5,
39 4 5,
40 4 5,
41 4 5,
42 4 5,
43 4 5,
44 4 5,
45 4 5,
46 4 5,
47 4 5,
48 4 5,
49 4 5,
50 4 5,
51 4 5,
52 4 5,
53 4 5,
54 4 5,
55 4 5,
56 4 5,
57 4 5,
58 4 5,
59 4 5,
60 4 9,
61 4 9,
62 4 9,
63 4 9,
64 4 9,
65 4 15,
66 4 15,
67 4 5,
68 4 5,
69 4 5,
70 4 5,
71 4 5,
72 4 5,
73 4 5,
74 4 5,
75 4 5,
76 4 5,
77 4 5,
78 4 5,
79 4 5,
80 4 5,
81 4 5,
82 4 5,
83 4 5,
84 4 5,
85 4 5,
86 4 5,
87 4 5,
88 4 5,
89 4 5,
90 4 5,
91 4 5,
92 4 5,
93 4 5,
94 4 5,
95 4 5,
96 4 5,
97 4 5,
98 4 5,
99 4 5,
100 4 5,
101 4 5,
102 4 5,
103 4 5,
104 4 5,
105 4 5,
106 4 5,
107 4 5,
108 4 5,
109 4 5,
110 4 5,
111 4 5,
112 4 5,
113 4 5,
114 4 5,
115 4 5,
116 4 5,
117 4 8,
118 4 8,
119 4 0,
120 4 0,
121 4 0,
122 4 0,
123 4 0,
124 4 0,
125 4 0,
126 4 0,
127 4 0,
128 4 0,
129 4 0,
130 4 0,
131 4 0,
132 4 0,
133 4 0,
134 4 0,
135 4 0,
136 4 0,
137 4 0,
138 4 0,
139 4 0,
140 4 0,
141 4 0,
142 4 0,
143 4 0,
144 4 0,
145 4 0,
146 4 0,
147 4 0,
148 4 0,
149 4 0,
150 4 0,
151 4 0,
152 4 0,
153 4 0,
154 4 0,
155 4 0,
0 5 0,
1 5 0,
2 5 0,
3 5 0,
4 5 0,
5 5 0,
6 5 0,
7 5 0,
8 5 0,
9 5 0,
10 5 0,
11 5 0,
12 5 0,
13 5 0,
14 5 0,
15 5 0,
16 5 0,
17 5 0,
18 5 0,
19 5 0,
20 5 0,
21 5 0,
22 5 0,
23 5 0,
24 5 0,
25 5 0,
26 5 0,
27 5 0,
28 5 0,
29 5 0,
30 5 0,
31 5 8,
32 5 8,
33 5 5,
34 5 5,
35 5 5,
36 5 5,
37 5 5,
38 5 5,
39 5 5,
40 5 5,
41 5 5,
42 5 5,
43 5 5,
44 5 5,
45 5 5,
46 5 5,
47 5 5,
48 5 5,
49 5 5,
50 5 5,
51 5 5,
52 5 5,
53 5 5,
54 5 5,
55 5 5,
56 5 5,
57 5 5,
58 5 5,
59 5 5,
60 5 5,
61 5 9,
62 5 9,
63 5 9,
64 5 9,
65 5 9,
66 5 15,
67 5 15,
68 5 15,
69 5 15,
70 5 15,
71 5 15,
72 5 15,
73 5 15,
74 5 15,
75 5 15,
76 5 15,
77 5 15,
78 5 15,
79 5 15,
80 5 15,
81 5 15,
82 5 15,
83 5 15,
84 5 15,
85 5 15,
86 5 15,
87 5 15,
88 5 15,
89 5 15,
90 5 15,
91 5 15,
92 5 15,
93 5 15,
94 5 15,
95 5 15,
96 5 15,
97 5 15,
98 5 15,
99 5 15,
100 5 15,
101 5 15,
102 5 15,
103 5 15,
104 5 15,
105 5 15,
106 5 15,
107 5 15,
108 5 15,
109 5 15,
110 5 15,
111 5 15,
112 5 15,
113 5 15,
114 5 15,
115 5 15,
116 5 15,
117 5 8,
118 5 8,
119 5 0,
120 5 0,
121 5 0,
122 5 0,
123 5 0,
124 5 0,
125 5 0,
126 5 0,
127 5 0,
128 5 0,
129 5 0,
130 5 0,
131 5 0,
132 5 0,
133 5 0,
134 5 0,
135 5 0,
136 5 0,
137 5 0,
138 5 0,
139 5 0,
140 5 0,
141 5 0,
142 5 0,
143 5 0,
144 5 0,
145 5 0,
146 5 0,
147 5 0,
148 5 0,
149 5 0,
150 5 0,
151 5 0,
152 5 0,
153 5 0,
154 5 0,
155 5 0,
0 6 0,
1 6 0,
2 6 0,
3 6 0,
4 6 0,
5 6 0,
6 6 0,
7 6 0,
8 6 0,
9 6 0,
10 6 0,
11 6 0,
12 6 0,
13 6 0,
14 6 0,
15 6 0,
16 6 0,
17 6 0,
18 6 0,
19 6 0,
20 6 0,
21 6 0,
22 6 0,
23 6 0,
24 6 0,
25 6 0,
26 6 0,
27 6 0,
28 6 0,
29 6 0,
30 6 0,
31 6 8,
32 6 8,
33 6 5,
34 6 5,
35 6 5,
36 6 5,
37 6 5,
38 6 5,
39 6 5,
40 6 5,
41 6 5,
42 6 5,
43 6 5,
44 6 5,
45 6 5,
46 6 5,
47 6 5,
48 6 5,
49 6 5,
50 6 5,
51 6 5,
52 6 5,
53 6 5,
54 6 5,
55 6 5,
56 6 5,
57 6 5,
58 6 5,
59 6 5,
60 6 5,
61 6 5,
62 6 9,
63 6 9,
64 6 9,
65 6 9,
66 6 9,
67 6 9,
68 6 9,
69 6 9,
70 6 9,
71 6 9,
72 6 9,
73 6 9,
74 6 9,
75 6 9,
76 6 9,
77 6 9,
78 6 9,
79 6 9,
80 6 9,
81 6 9,
82 6 9,
83 6 9,
84 6 9,
85 6 9,
86 6 9,
87 6 9,
88 6 9,
89 6 9,
90 6 9,
91 6 9,
92 6 9,
93 6 9,
94 6 9,
95 6 9,
96 6 9,
97 6 9,
98 6 9,
99 6 9,
100 6 9,
101 6 9,
102 6 9,
103 6 9,
104 6 9,
105 6 9,
106 6 9,
107 6 9,
108 6 9,
109 6 9,
110 6 9,
111 6 9,
112 6 9,
113 6 9,
114 6 9,
115 6 9,
116 6 9,
117 6 8,
118 6 8,
119 6 0,
120 6 0,
121 6 0,
122 6 0,
123 6 0,
124 6 0,
125 6 0,
126 6 0,
127 6 0,
128 6 0,
129 6 0,
130 6 0,
131 6 0,
132 6 0,
133 6 0,
134 6 0,
135 6 0,
136 6 0,
137 6 0,
138 6 0,
139 6 0,
140 6 0,
141 6 0,
142 6 0,
143 6 0,
144 6 0,
145 6 0,
146 6 0,
147 6 0,
148 6 0,
149 6 0,
150 6 0,
151 6 0,
152 6 0,
153 6 0,
154 6 0,
155 6 0,
0 7 0,
1 7 0,
2 7 0,
3 7 0,
4 7 0,
5 7 0,
6 7 0,
7 7 0,
8 7 0,
9 7 0,
10 7 0,
11 7 0,
12 7 0,
13 7 0,
14 7 0,
15 7 0,
16 7 0,
17 7 0,
18 7 0,
19 7 0,
20 7 0,
21 7 0,
22 7 0,
23 7 0,
24 7 0,
25 7 0,
26 7 0,
27 7 0,
28 7 0,
29 7 0,
30 7 0,
31 7 8,
32 7 8,
33 7 5,
34 7 5,
35 7 5,
36 7 5,
37 7 5,
38 7 5,
39 7 5,
40 7 5,
41 7 5,
42 7 5,
43 7 5,
44 7 5,
45 7 5,
46 7 5,
47 7 5,
48 7 5,
49 7 5,
50 7 5,
51 7 5,
52 7 5,
53 7 5,
54 7 5,
55 7 5,
56 7 5,
57 7 5,
58 7 5,
59 7 5,
60 7 5,
61 7 5,
62 7 5,
63 7 9,
64 7 9,
65 7 9,
66 7 9,
67 7 9,
68 7 9,
69 7 9,
70 7 9,
71 7 9,
72 7 9,
73 7 9,
74 7 9,
75 7 9,
76 7 9,
77 7 9,
78 7 9,
79 7 9,
80 7 9,
81 7 9,
82 7 9,
83 7 9,
84 7 9,
85 7 9,
86 7 9,
87 7 9,
88 7 9,
89 7 9,
90 7 9,
91 7 9,
92 7 9,
93 7 9,
94 7 9,
95 7 9,
96 7 9,
97 7 9,
98 7 9,
99 7 9,
100 7 9,
101 7 9,
102 7 9,
103 7 9,
104 7 9,
105 7 9,
106 7 9,
107 7 9,
108 7 9,
109 7 9,
110 7 9,
111 7 9,
112 7 9,
113 7 9,
114 7 9,
115 7 9,
116 7 9,
117 7 8,
118 7 8,
119 7 0,
120 7 0,
121 7 0,
122 7 0,
123 7 0,
124 7 0,
125 7 0,
126 7 0,
127 7 0,
128 7 0,
129 7 0,
130 7 0,
131 7 0,
132 7 0,
133 7 0,
134 7 0,
135 7 0,
136 7 0,
137 7 0,
138 7 0,
139 7 0,
140 7 0,
141 7 0,
142 7 0,
143 7 0,
144 7 0,
145 7 0,
146 7 0,
147 7 0,
148 7 0,
149 7 0,
150 7 0,
151 7 0,
152 7 0,
153 7 0,
154 7 0,
155 7 0,
0 8 0,
1 8 0,
2 8 0,
3 8 0,
4 8 0,
5 8 0,
6 8 0,
7 8 0,
8 8 0,
9 8 0,
10 8 0,
11 8 0,
12 8 0,
13 8 0,
14 8 0,
15 8 0,
16 8 0,
17 8 0,
18 8 0,
19 8 0,
20 8 0,
21 8 0,
22 8 0,
23 8 0,
24 8 0,
25 8 0,
26 8 0,
27 8 0,
28 8 0,
29 8 0,
30 8 0,
31 8 8,
32 8 8,
33 8 5,
34 8 5,
35 8 5,
36 8 5,
37 8 5,
38 8 5,
39 8 5,
40 8 5,
41 8 5,
42 8 5,
43 8 5,
44 8 5,
45 8 5,
46 8 5,
47 8 5,
48 8 5,
49 8 5,
50 8 5,
51 8 5,
52 8 5,
53 8 5,
54 8 5,
55 8 5,
56 8 5,
57 8 5,
58 8 5,
59 8 5,
60 8 5,
61 8 5,
62 8 5,
63 8 5,
64 8 5,
65 8 5,
66 8 5,
67 8 5,
68 8 5,
69 8 5,
70 8 5,
71 8 5,
72 8 5,
73 8 5,
74 8 5,
75 8 5,
76 8 5,
77 8 5,
78 8 5,
79 8 5,
80 8 5,
81 8 5,
82 8 5,
83 8 5,
84 8 5,
85 8 5,
86 8 5,
87 8 5,
88 8 5,
89 8 5,
90 8 5,
91 8 5,
92 8 5,
93 8 5,
94 8 5,
95 8 5,
96 8 5,
97 8 5,
98 8 5,
99 8 5,
100 8 5,
101 8 5,
102 8 5,
103 8 5,
104 8 5,
105 8 5,
106 8 5,
107 8 5,
108 8 5,
109 8 5,
110 8 5,
111 8 5,
112 8 5,
113 8 5,
114 8 5,
115 8 5,
116 8 5,
117 8 8,
118 8 8,
119 8 0,
120 8 0,
121 8 0,
122 8 0,
123 8 0,
124 8 0,
125 8 0,
126 8 0,
127 8 0,
128 8 0,
129 8 0,
130 8 0,
131 8 0,
132 8 0,
133 8 0,
134 8 0,
135 8 0,
136 8 0,
137 8 0,
138 8 0,
139 8 0,
140 8 0,
141 8 0,
142 8 0,
143 8 0,
144 8 0,
145 8 0,
146 8 0,
147 8 0,
148 8 0,
149 8 0,
150 8 0,
151 8 0,
152 8 0,
153 8 0,
154 8 0,
155 8 0,
0 9 0,
1 9 0,
2 9 0,
3 9 0,
4 9 0,
5 9 0,
6 9 0,
7 9 0,
8 9 0,
9 9 0,
10 9 0,
11 9 0,
12 9 0,
13 9 0,
14 9 0,
15 9 0,
16 9 0,
17 9 0,
18 9 0,
19 9 0,
20 9 0,
21 9 0,
22 9 0,
23 9 0,
24 9 0,
25 9 0,
26 9 0,
27 9 0,
28 9 0,
29 9 0,
30 9 0,
31 9 8,
32 9 8,
33 9 5,
34 9 5,
35 9 5,
36 9 5,
37 9 5,
38 9 5,
39 9 5,
40 9 5,
41 9 5,
42 9 5,
43 9 5,
44 9 5,
45 9 5,
46 9 5,
47 9 5,
48 9 5,
49 9 5,
50 9 5,
51 9 5,
52 9 5,
53 9 5,
54 9 5,
55 9 5,
56 9 5,
57 9 5,
58 9 5,
59 9 5,
60 9 5,
61 9 5,
62 9 5,
63 9 5,
64 9 5,
65 9 5,
66 9 5,
67 9 5,
68 9 5,
69 9 5,
70 9 5,
71 9 5,
72 9 5,
73 9 5,
74 9 5,
75 9 5,
76 9 5,
77 9 5,
78 9 5,
79 9 5,
80 9 5,
81 9 5,
82 9 5,
83 9 5,
84 9 5,
85 9 5,
86 9 5,
87 9 5,
88 9 5,
89 9 5,
90 9 5,
91 9 5,
92 9 5,
93 9 5,
94 9 5,
95 9 5,
96 9 5,
97 9 5,
98 9 5,
99 9 5,
100 9 5,
101 9 5,
102 9 5,
103 9 5,
104 9 5,
105 9 5,
106 9 5,
107 9 5,
108 9 5,
109 9 5,
110 9 5,
111 9 5,
112 9 5,
113 9 5,
114 9 5,
115 9 5,
116 9 5,
117 9 8,
118 9 8,
119 9 0,
120 9 0,
121 9 0,
122 9 0,
123 9 0,
124 9 0,
125 9 0,
126 9 0,
127 9 0,
128 9 0,
129 9 0,
130 9 0,
131 9 0,
132 9 0,
133 9 0,
134 9 0,
135 9 0,
136 9 0,
137 9 0,
138 9 0,
139 9 0,
140 9 0,
141 9 0,
142 9 0,
143 9 0,
144 9 0,
145 9 0,
146 9 0,
147 9 0,
148 9 0,
149 9 0,
150 9 0,
151 9 0,
152 9 0,
153 9 0,
154 9 0,
155 9 0,
0 10 0,
1 10 0,
2 10 0,
3 10 0,
4 10 0,
5 10 0,
6 10 0,
7 10 0,
8 10 0,
9 10 0,
10 10 0,
11 10 0,
12 10 0,
13 10 0,
14 10 0,
15 10 0,
16 10 0,
17 10 0,
18 10 0,
19 10 0,
20 10 0,
21 10 0,
22 10 0,
23 10 0,
24 10 0,
25 10 0,
26 10 0,
27 10 0,
28 10 0,
29 10 0,
30 10 0,
31 10 8,
32 10 8,
33 10 5,
34 10 5,
35 10 5,
36 10 5,
37 10 5,
38 10 5,
39 10 5,
40 10 5,
41 10 5,
42 10 5,
43 10 5,
44 10 5,
45 10 5,
46 10 5,
47 10 5,
48 10 5,
49 10 5,
50 10 5,
51 10 5,
52 10 5,
53 10 5,
54 10 5,
55 10 5,
56 10 5,
57 10 5,
58 10 5,
59 10 5,
60 10 5,
61 10 5,
62 10 5,
63 10 5,
64 10 5,
65 10 5,
66 10 5,
67 10 5,
68 10 5,
69 10 5,
70 10 5,
71 10 5,
72 10 5,
73 10 5,
74 10 5,
75 10 5,
76 10 5,
77 10 5,
78 10 5,
79 10 5,
80 10 5,
81 10 5,
82 10 5,
83 10 5,
84 10 5,
85 10 5,
86 10 5,
87 10 5,
88 10 5,
89 10 5,
90 10 5,
91 10 5,
92 10 5,
93 10 5,
94 10 5,
95 10 5,
96 10 5,
97 10 5,
98 10 5,
99 10 5,
100 10 5,
101 10 5,
102 10 5,
103 10 5,
104 10 5,
105 10 5,
106 10 5,
107 10 5,
108 10 5,
109 10 5,
110 10 5,
111 10 5,
112 10 5,
113 10 5,
114 10 5,
115 10 5,
116 10 5,
117 10 8,
118 10 8,
119 10 0,
120 10 0,
121 10 0,
122 10 0,
123 10 0,
124 10 0,
125 10 0,
126 10 0,
127 10 0,
128 10 0,
129 10 0,
130 10 0,
131 10 0,
132 10 0,
133 10 0,
134 10 0,
135 10 0,
136 10 0,
137 10 0,
138 10 0,
139 10 0,
140 10 0,
141 10 0,
142 10 0,
143 10 0,
144 10 0,
145 10 0,
146 10 0,
147 10 0,
148 10 0,
149 10 0,
150 10 0,
151 10 0,
152 10 0,
153 10 0,
154 10 0,
155 10 0,
0 11 0,
1 11 0,
2 11 0,
3 11 0,
4 11 0,
5 11 0,
6 11 0,
7 11 0,
8 11 0,
9 11 0,
10 11 0,
11 11 0,
12 11 0,
13 11 0,
14 11 0,
15 11 0,
16 11 0,
17 11 0,
18 11 0,
19 11 0,
20 11 0,
21 11 0,
22 11 0,
23 11 0,
24 11 0,
25 11 0,
26 11 0,
27 11 0,
28 11 0,
29 11 0,
30 11 0,
31 11 8,
32 11 8,
33 11 5,
34 11 5,
35 11 5,
36 11 5,
37 11 5,
38 11 5,
39 11 5,
40 11 5,
41 11 5,
42 11 5,
43 11 5,
44 11 5,
45 11 5,
46 11 5,
47 11 5,
48 11 5,
49 11 5,
50 11 5,
51 11 5,
52 11 5,
53 11 5,
54 11 5,
55 11 5,
56 11 5,
57 11 5,
58 11 5,
59 11 5,
60 11 5,
61 11 5,
62 11 5,
63 11 5,
64 11 5,
65 11 5,
66 11 5,
67 11 5,
68 11 5,
69 11 5,
70 11 5,
71 11 5,
72 11 5,
73 11 5,
74 11 5,
75 11 5,
76 11 5,
77 11 5,
78 11 5,
79 11 5,
80 11 5,
81 11 5,
82 11 5,
83 11 5,
84 11 5,
85 11 5,
86 11 5,
87 11 5,
88 11 5,
89 11 5,
90 11 5,
91 11 5,
92 11 5,
93 11 5,
94 11 5,
95 11 5,
96 11 5,
97 11 5,
98 11 5,
99 11 5,
100 11 5,
101 11 5,
102 11 5,
103 11 5,
104 11 5,
105 11 5,
106 11 5,
107 11 5,
108 11 5,
109 11 5,
110 11 5,
111 11 10,
112 11 10,
113 11 10,
114 11 10,
115 11 10,
116 11 10,
117 11 10,
118 11 10,
119 11 10,
120 11 10,
121 11 10,
122 11 10,
123 11 10,
124 11 10,
125 11 0,
126 11 0,
127 11 0,
128 11 0,
129 11 0,
130 11 0,
131 11 0,
132 11 0,
133 11 0,
134 11 0,
135 11 0,
136 11 0,
137 11 0,
138 11 0,
139 11 0,
140 11 0,
141 11 0,
142 11 0,
143 11 0,
144 11 0,
145 11 0,
146 11 0,
147 11 0,
148 11 0,
149 11 0,
150 11 0,
151 11 0,
152 11 0,
153 11 0,
154 11 0,
155 11 0,
0 12 0,
1 12 0,
2 12 0,
3 12 0,
4 12 0,
5 12 0,
6 12 0,
7 12 0,
8 12 0,
9 12 0,
10 12 0,
11 12 0,
12 12 0,
13 12 0,
14 12 0,
15 12 0,
16 12 0,
17 12 0,
18 12 0,
19 12 0,
20 12 0,
21 12 0,
22 12 0,
23 12 0,
24 12 0,
25 12 0,
26 12 0,
27 12 0,
28 12 0,
29 12 0,
30 12 0,
31 12 8,
32 12 8,
33 12 5,
34 12 5,
35 12 5,
36 12 5,
37 12 5,
38 12 5,
39 12 5,
40 12 5,
41 12 5,
42 12 5,
43 12 5,
44 12 5,
45 12 5,
46 12 5,
47 12 5,
48 12 5,
49 12 5,
50 12 5,
51 12 5,
52 12 5,
53 12 5,
54 12 5,
55 12 5,
56 12 5,
57 12 5,
58 12 5,
59 12 5,
60 12 5,
61 12 5,
62 12 5,
63 12 5,
64 12 5,
65 12 5,
66 12 5,
67 12 5,
68 12 5,
69 12 5,
70 12 5,
71 12 5,
72 12 5,
73 12 5,
74 12 5,
75 12 5,
76 12 5,
77 12 5,
78 12 5,
79 12 5,
80 12 5,
81 12 5,
82 12 5,
83 12 5,
84 12 5,
85 12 5,
86 12 5,
87 12 5,
88 12 5,
89 12 5,
90 12 5,
91 12 5,
92 12 5,
93 12 5,
94 12 5,
95 12 5,
96 12 5,
97 12 5,
98 12 5,
99 12 5,
100 12 5,
101 12 5,
102 12 5,
103 12 5,
104 12 5,
105 12 5,
106 12 5,
107 12 5,
108 12 5,
109 12 5,
110 12 5,
111 12 10,
112 12 10,
113 12 10,
114 12 10,
115 12 10,
116 12 10,
117 12 10,
118 12 10,
119 12 10,
120 12 10,
121 12 10,
122 12 10,
123 12 10,
124 12 10,
125 12 0,
126 12 0,
127 12 0,
128 12 0,
129 12 0,
130 12 0,
131 12 0,
132 12 0,
133 12 0,
134 12 0,
135 12 0,
136 12 0,
137 12 0,
138 12 0,
139 12 0,
140 12 0,
141 12 0,
142 12 0,
143 12 0,
144 12 0,
145 12 0,
146 12 0,
147 12 0,
148 12 0,
149 12 0,
150 12 0,
151 12 0,
152 12 0,
153 12 0,
154 12 0,
155 12 0,
0 13 0,
1 13 0,
2 13 0,
3 13 0,
4 13 0,
5 13 0,
6 13 0,
7 13 0,
8 13 0,
9 13 0,
10 13 0,
11 13 0,
12 13 0,
13 13 0,
14 13 0,
15 13 0,
16 13 0,
17 13 0,
18 13 0,
19 13 0,
20 13 0,
21 13 0,
22 13 0,
23 13 0,
24 13 0,
25 13 0,
26 13 0,
27 13 0,
28 13 0,
29 13 0,
30 13 0,
31 13 8,
32 13 8,
33 13 5,
34 13 5,
35 13 5,
36 13 5,
37 13 5,
38 13 5,
39 13 5,
40 13 5,
41 13 5,
42 13 5,
43 13 5,
44 13 5,
45 13 5,
46 13 5,
47 13 5,
48 13 5,
49 13 5,
50 13 5,
51 13 5,
52 13 5,
53 13 5,
54 13 5,
55 13 5,
56 13 5,
57 13 5,
58 13 5,
59 13 5,
60 13 5,
61 13 5,
62 13 5,
63 13 5,
64 13 5,
65 13 5,
66 13 5,
67 13 5,
68 13 5,
69 13 5,
70 13 5,
71 13 5,
72 13 5,
73 13 5,
74 13 5,
75 13 5,
76 13 5,
77 13 5,
78 13 5,
79 13 5,
80 13 5,
81 13 5,
82 13 5,
83 13 5,
84 13 5,
85 13 5,
86 13 5,
87 13 5,
88 13 5,
89 13 5,
90 13 5,
91 13 5,
92 13 5,
93 13 5,
94 13 5,
95 13 5,
96 13 5,
97 13 5,
98 13 5,
99 13 5,
100 13 5,
101 13 5,
102 13 5,
103 13 5,
104 13 5,
105 13 5,
106 13 5,
107 13 5,
108 13 5,
109 13 5,
110 13 5,
111 13 10,
112 13 10,
113 13 10,
114 13 10,
115 13 10,
116 13 10,
117 13 10,
118 13 10,
119 13 10,
120 13 10,
121 13 10,
122 13 10,
123 13 10,
124 13 10,
125 13 0,
126 13 0,
127 13 0,
128 13 0,
129 13 0,
130 13 0,
131 13 0,
132 13 0,
133 13 0,
134 13 0,
135 13 0,
136 13 0,
137 13 0,
138 13 0,
139 13 0,
140 13 0,
141 13 0,
142 13 0,
143 13 0,
144 13 0,
145 13 0,
146 13 0,
147 13 0,
148 13 0,
149 13 0,
150 13 0,
151 13 0,
152 13 0,
153 13 0,
154 13 0,
155 13 0,
0 14 0,
1 14 0,
2 14 0,
3 14 0,
4 14 0,
5 14 0,
6 14 0,
7 14 0,
8 14 0,
9 14 0,
10 14 0,
11 14 0,
12 14 0,
13 14 0,
14 14 0,
15 14 0,
16 14 0,
17 14 0,
18 14 0,
19 14 0,
20 14 0,
21 14 0,
22 14 0,
23 14 0,
24 14 0,
25 14 0,
26 14 0,
27 14 0,
28 14 0,
29 14 0,
30 14 0,
31 14 8,
32 14 8,
33 14 5,
34 14 5,
35 14 5,
36 14 5,
37 14 5,
38 14 5,
39 14 5,
40 14 5,
41 14 5,
42 14 5,
43 14 5,
44 14 5,
45 14 5,
46 14 5,
47 14 5,
48 14 5,
49 14 5,
50 14 5,
51 14 5,
52 14 5,
53 14 5,
54 14 5,
55 14 5,
56 14 5,
57 14 5,
58 14 5,
59 14 5,
60 14 5,
61 14 5,
62 14 5,
63 14 5,
64 14 5,
65 14 5,
66 14 5,
67 14 5,
68 14 5,
69 14 5,
70 14 5,
71 14 5,
72 14 5,
73 14 5,
74 14 5,
75 14 5,
76 14 5,
77 14 5,
78 14 5,
79 14 5,
80 14 5,
81 14 5,
82 14 5,
83 14 5,
84 14 5,
85 14 5,
86 14 5,
87 14 5,
88 14 5,
89 14 5,
90 14 5,
91 14 5,
92 14 5,
93 14 5,
94 14 5,
95 14 5,
96 14 5,
97 14 5,
98 14 5,
99 14 5,
100 14 5,
101 14 5,
102 14 5,
103 14 5,
104 14 5,
105 14 5,
106 14 5,
107 14 5,
108 14 5,
109 14 5,
110 14 5,
111 14 10,
112 14 10,
113 14 10,
114 14 10,
115 14 10,
116 14 10,
117 14 10,
118 14 10,
119 14 10,
120 14 10,
121 14 10,
122 14 10,
123 14 10,
124 14 10,
125 14 0,
126 14 0,
127 14 0,
128 14 0,
129 14 0,
130 14 0,
131 14 0,
132 14 0,
133 14 0,
134 14 0,
135 14 0,
136 14 0,
137 14 0,
138 14 0,
139 14 0,
140 14 0,
141 14 0,
142 14 0,
143 14 0,
144 14 0,
145 14 0,
146 14 0,
147 14 0,
148 14 0,
149 14 0,
150 14 0,
151 14 0,
152 14 0,
153 14 0,
154 14 0,
155 14 0,
0 15 0,
1 15 0,
2 15 0,
3 15 0,
4 15 0,
5 15 0,
6 15 0,
7 15 0,
8 15 0,
9 15 0,
10 15 0,
11 15 0,
12 15 0,
13 15 0,
14 15 0,
15 15 0,
16 15 0,
17 15 0,
18 15 0,
19 15 0,
20 15 0,
21 15 0,
22 15 0,
23 15 0,
24 15 0,
25 15 0,
26 15 0,
27 15 0,
28 15 0,
29 15 0,
30 15 0,
31 15 8,
32 15 8,
33 15 5,
34 15 5,
35 15 5,
36 15 5,
37 15 5,
38 15 5,
39 15 5,
40 15 5,
41 15 5,
42 15 5,
43 15 5,
44 15 5,
45 15 5,
46 15 5,
47 15 5,
48 15 5,
49 15 5,
50 15 3,
51 15 3,
52 15 3,
53 15 5,
54 15 5,
55 15 5,
56 15 5,
57 15 5,
58 15 5,
59 15 5,
60 15 5,
61 15 5,
62 15 5,
63 15 5,
64 15 5,
65 15 5,
66 15 5,
67 15 5,
68 15 5,
69 15 5,
70 15 5,
71 15 5,
72 15 5,
73 15 5,
74 15 5,
75 15 5,
76 15 5,
77 15 5,
78 15 5,
79 15 5,
80 15 5,
81 15 5,
82 15 5,
83 15 5,
84 15 5,
85 15 3,
86 15 3,
87 15 3,
88 15 5,
89 15 5,
90 15 5,
91 15 5,
92 15 5,
93 15 5,
94 15 5,
95 15 5,
96 15 5,
97 15 5,
98 15 5,
99 15 5,
100 15 5,
101 15 5,
102 15 5,
103 15 5,
104 15 5,
105 15 5,
106 15 5,
107 15 5,
108 15 5,
109 15 5,
110 15 5,
111 15 5,
112 15 5,
113 15 5,
114 15 5,
115 15 5,
116 15 5,
117 15 8,
118 15 8,
119 15 0,
120 15 0,
121 15 0,
122 15 0,
123 15 0,
124 15 0,
125 15 0,
126 15 0,
127 15 0,
128 15 0,
129 15 0,
130 15 0,
131 15 0,
132 15 0,
133 15 0,
134 15 0,
135 15 0,
136 15 0,
137 15 0,
138 15 0,
139 15 0,
140 15 0,
141 15 0,
142 15 0,
143 15 0,
144 15 0,
145 15 0,
146 15 0,
147 15 0,
148 15 0,
149 15 0,
150 15 0,
151 15 0,
152 15 0,
153 15 0,
154 15 0,
155 15 0,
0 16 0,
1 16 0,
2 16 0,
3 16 0,
4 16 0,
5 16 0,
6 16 0,
7 16 0,
8 16 0,
9 16 0,
10 16 0,
11 16 0,
12 16 0,
13 16 0,
14 16 0,
15 16 0,
16 16 0,
17 16 0,
18 16 0,
19 16 0,
20 16 0,
21 16 0,
22 16 0,
23 16 0,
24 16 0,
25 16 0,
26 16 0,
27 16 0,
28 16 0,
29 16 0,
30 16 0,
31 16 8,
32 16 8,
33 16 5,
34 16 5,
35 16 5,
36 16 5,
37 16 5,
38 16 5,
39 16 5,
40 16 5,
41 16 5,
42 16 5,
43 16 5,
44 16 5,
45 16 5,
46 16 5,
47 16 5,
48 16 3,
49 16 3,
50 16 3,
51 16 3,
52 16 3,
53 16 3,
54 16 3,
55 16 5,
56 16 5,
57 16 5,
58 16 5,
59 16 5,
60 16 5,
61 16 5,
62 16 5,
63 16 5,
64 16 5,
65 16 5,
66 16 5,
67 16 5,
68 16 5,
69 16 5,
70 16 5,
71 16 5,
72 16 5,
73 16 5,
74 16 5,
75 16 5,
76 16 5,
77 16 5,
78 16 5,
79 16 5,
80 16 5,
81 16 5,
82 16 5,
83 16 3,
84 16 3,
85 16 3,
86 16 3,
87 16 3,
88 16 3,
89 16 3,
90 16 5,
91 16 5,
92 16 5,
93 16 5,
94 16 5,
95 16 5,
96 16 5,
97 16 5,
98 16 5,
99 16 5,
100 16 5,
101 16 5,
102 16 5,
103 16 5,
104 16 5,
105 16 5,
106 16 5,
107 16 5,
108 16 5,
109 16 5,
110 16 5,
111 16 5,
112 16 5,
113 16 5,
114 16 5,
115 16 5,
116 16 5,
117 16 8,
118 16 8,
119 16 0,
120 16 0,
121 16 0,
122 16 0,
123 16 0,
124 16 0,
125 16 0,
126 16 0,
127 16 0,
128 16 0,
129 16 0,
130 16 0,
131 16 0,
132 16 0,
133 16 0,
134 16 0,
135 16 0,
136 16 0,
137 16 0,
138 16 0,
139 16 0,
140 16 0,
141 16 0,
142 16 0,
143 16 0,
144 16 0,
145 16 0,
146 16 0,
147 16 0,
148 16 0,
149 16 0,
150 16 0,
151 16 0,
152 16 0,
153 16 0,
154 16 0,
155 16 0,
0 17 0,
1 17 0,
2 17 0,
3 17 0,
4 17 0,
5 17 0,
6 17 0,
7 17 0,
8 17 0,
9 17 0,
10 17 0,
11 17 0,
12 17 0,
13 17 0,
14 17 0,
15 17 0,
16 17 0,
17 17 0,
18 17 0,
19 17 0,
20 17 0,
21 17 0,
22 17 0,
23 17 0,
24 17 0,
25 17 0,
26 17 0,
27 17 0,
28 17 0,
29 17 0,
30 17 0,
31 17 8,
32 17 8,
33 17 5,
34 17 5,
35 17 5,
36 17 5,
37 17 5,
38 17 5,
39 17 5,
40 17 5,
41 17 5,
42 17 5,
43 17 5,
44 17 5,
45 17 5,
46 17 3,
47 17 3,
48 17 3,
49 17 3,
50 17 3,
51 17 3,
52 17 3,
53 17 3,
54 17 3,
55 17 3,
56 17 3,
57 17 5,
58 17 5,
59 17 5,
60 17 5,
61 17 5,
62 17 5,
63 17 5,
64 17 5,
65 17 5,
66 17 5,
67 17 5,
68 17 5,
69 17 5,
70 17 5,
71 17 5,
72 17 5,
73 17 5,
74 17 5,
75 17 5,
76 17 5,
77 17 5,
78 17 5,
79 17 5,
80 17 5,
81 17 3,
82 17 3,
83 17 3,
84 17 3,
85 17 3,
86 17 3,
87 17 3,
88 17 3,
89 17 3,
90 17 3,
91 17 3,
92 17 5,
93 17 5,
94 17 5,
95 17 5,
96 17 5,
97 17 5,
98 17 5,
99 17 5,
100 17 5,
101 17 5,
102 17 5,
103 17 5,
104 17 5,
105 17 5,
106 17 5,
107 17 5,
108 17 5,
109 17 5,
110 17 5,
111 17 5,
112 17 5,
113 17 5,
114 17 5,
115 17 5,
116 17 5,
117 17 8,
118 17 8,
119 17 0,
120 17 0,
121 17 0,
122 17 0,
123 17 0,
124 17 0,
125 17 0,
126 17 0,
127 17 0,
128 17 0,
129 17 0,
130 17 0,
131 17 0,
132 17 0,
133 17 0,
134 17 0,
135 17 0,
136 17 0,
137 17 0,
138 17 0,
139 17 0,
140 17 0,
141 17 0,
142 17 0,
143 17 0,
144 17 0,
145 17 0,
146 17 0,
147 17 0,
148 17 0,
149 17 0,
150 17 0,
151 17 0,
152 17 0,
153 17 0,
154 17 0,
155 17 0,
0 18 0,
1 18 0,
2 18 0,
3 18 0,
4 18 0,
5 18 0,
6 18 0,
7 18 0,
8 18 0,
9 18 0,
10 18 0,
11 18 0,
12 18 0,
13 18 0,
14 18 0,
15 18 0,
16 18 0,
17 18 0,
18 18 0,
19 18 0,
20 18 0,
21 18 0,
22 18 0,
23 18 0,
24 18 0,
25 18 0,
26 18 0,
27 18 0,
28 18 0,
29 18 0,
30 18 0,
31 18 8,
32 18 8,
33 18 5,
34 18 5,
35 18 5,
36 18 5,
37 18 5,
38 18 5,
39 18 5,
40 18 5,
41 18 5,
42 18 5,
43 18 5,
44 18 5,
45 18 5,
46 18 5,
47 18 5,
48 18 3,
49 18 3,
50 18 3,
51 18 3,
52 18 3,
53 18 3,
54 18 3,
55 18 5,
56 18 5,
57 18 5,
58 18 5,
59 18 5,
60 18 5,
61 18 5,
62 18 5,
63 18 5,
64 18 5,
65 18 5,
66 18 5,
67 18 5,
68 18 5,
69 18 5,
70 18 5,
71 18 5,
72 18 5,
73 18 5,
74 18 5,
75 18 5,
76 18 5,
77 18 5,
78 18 5,
79 18 5,
80 18 5,
81 18 5,
82 18 5,
83 18 3,
84 18 3,
85 18 3,
86 18 3,
87 18 3,
88 18 3,
89 18 3,
90 18 5,
91 18 5,
92 18 5,
93 18 5,
94 18 5,
95 18 5,
96 18 5,
97 18 5,
98 18 5,
99 18 5,
100 18 5,
101 18 5,
102 18 5,
103 18 5,
104 18 5,
105 18 5,
106 18 5,
107 18 5,
108 18 5,
109 18 5,
110 18 5,
111 18 5,
112 18 5,
113 18 5,
114 18 5,
115 18 5,
116 18 5,
117 18 8,
118 18 8,
119 18 0,
120 18 0,
121 18 0,
122 18 0,
123 18 0,
124 18 0,
125 18 0,
126 18 0,
127 18 0,
128 18 0,
129 18 0,
130 18 0,
131 18 0,
132 18 0,
133 18 0,
134 18 0,
135 18 0,
136 18 0,
137 18 0,
138 18 0,
139 18 0,
140 18 0,
141 18 0,
142 18 0,
143 18 0,
144 18 0,
145 18 0,
146 18 0,
147 18 0,
148 18 0,
149 18 0,
150 18 0,
151 18 0,
152 18 0,
153 18 0,
154 18 0,
155 18 0,
0 19 0,
1 19 0,
2 19 0,
3 19 0,
4 19 0,
5 19 0,
6 19 0,
7 19 0,
8 19 0,
9 19 0,
10 19 0,
11 19 0,
12 19 0,
13 19 0,
14 19 0,
15 19 0,
16 19 0,
17 19 0,
18 19 0,
19 19 0,
20 19 0,
21 19 0,
22 19 0,
23 19 0,
24 19 0,
25 19 0,
26 19 0,
27 19 0,
28 19 0,
29 19 0,
30 19 0,
31 19 8,
32 19 8,
33 19 5,
34 19 5,
35 19 5,
36 19 5,
37 19 5,
38 19 5,
39 19 5,
40 19 5,
41 19 5,
42 19 5,
43 19 5,
44 19 5,
45 19 5,
46 19 5,
47 19 5,
48 19 5,
49 19 5,
50 19 3,
51 19 3,
52 19 3,
53 19 5,
54 19 5,
55 19 5,
56 19 5,
57 19 5,
58 19 5,
59 19 5,
60 19 5,
61 19 5,
62 19 5,
63 19 5,
64 19 5,
65 19 5,
66 19 5,
67 19 5,
68 19 5,
69 19 5,
70 19 5,
71 19 5,
72 19 5,
73 19 5,
74 19 5,
75 19 5,
76 19 5,
77 19 5,
78 19 5,
79 19 5,
80 19 5,
81 19 5,
82 19 5,
83 19 5,
84 19 5,
85 19 3,
86 19 3,
87 19 3,
88 19 5,
89 19 5,
90 19 5,
91 19 5,
92 19 5,
93 19 5,
94 19 5,
95 19 5,
96 19 5,
97 19 5,
98 19 5,
99 19 5,
100 19 5,
101 19 5,
102 19 5,
103 19 5,
104 19 5,
105 19 5,
106 19 5,
107 19 5,
108 19 5,
109 19 5,
110 19 5,
111 19 5,
112 19 5,
113 19 5,
114 19 5,
115 19 5,
116 19 5,
117 19 8,
118 19 8,
119 19 0,
120 19 0,
121 19 0,
122 19 0,
123 19 0,
124 19 0,
125 19 0,
126 19 0,
127 19 0,
128 19 0,
129 19 0,
130 19 0,
131 19 0,
132 19 0,
133 19 0,
134 19 0,
135 19 0,
136 19 0,
137 19 0,
138 19 0,
139 19 0,
140 19 0,
141 19 0,
142 19 0,
143 19 0,
144 19 0,
145 19 0,
146 19 0,
147 19 0,
148 19 0,
149 19 0,
150 19 0,
151 19 0,
152 19 0,
153 19 0,
154 19 0,
155 19 0,
0 20 0,
1 20 0,
2 20 0,
3 20 0,
4 20 0,
5 20 0,
6 20 0,
7 20 0,
8 20 0,
9 20 0,
10 20 0,
11 20 0,
12 20 0,
13 20 0,
14 20 0,
15 20 0,
16 20 0,
17 20 0,
18 20 0,
19 20 0,
20 20 0,
21 20 0,
22 20 0,
23 20 0,
24 20 0,
25 20 0,
26 20 0,
27 20 0,
28 20 0,
29 20 0,
30 20 0,
31 20 8,
32 20 8,
33 20 5,
34 20 5,
35 20 5,
36 20 5,
37 20 5,
38 20 5,
39 20 5,
40 20 5,
41 20 5,
42 20 5,
43 20 5,
44 20 5,
45 20 5,
46 20 5,
47 20 5,
48 20 5,
49 20 5,
50 20 5,
51 20 5,
52 20 5,
53 20 5,
54 20 5,
55 20 5,
56 20 5,
57 20 5,
58 20 5,
59 20 5,
60 20 5,
61 20 5,
62 20 5,
63 20 5,
64 20 5,
65 20 5,
66 20 5,
67 20 5,
68 20 5,
69 20 5,
70 20 5,
71 20 5,
72 20 5,
73 20 5,
74 20 5,
75 20 5,
76 20 5,
77 20 5,
78 20 5,
79 20 5,
80 20 5,
81 20 5,
82 20 5,
83 20 5,
84 20 5,
85 20 5,
86 20 5,
87 20 5,
88 20 5,
89 20 5,
90 20 5,
91 20 5,
92 20 5,
93 20 5,
94 20 5,
95 20 5,
96 20 5,
97 20 5,
98 20 5,
99 20 5,
100 20 5,
101 20 5,
102 20 5,
103 20 5,
104 20 5,
105 20 5,
106 20 5,
107 20 5,
108 20 5,
109 20 5,
110 20 5,
111 20 5,
112 20 5,
113 20 5,
114 20 5,
115 20 5,
116 20 5,
117 20 8,
118 20 8,
119 20 0,
120 20 0,
121 20 0,
122 20 0,
123 20 0,
124 20 0,
125 20 0,
126 20 0,
127 20 0,
128 20 0,
129 20 0,
130 20 0,
131 20 0,
132 20 0,
133 20 0,
134 20 0,
135 20 0,
136 20 0,
137 20 0,
138 20 0,
139 20 0,
140 20 0,
141 20 0,
142 20 0,
143 20 0,
144 20 0,
145 20 0,
146 20 0,
147 20 0,
148 20 0,
149 20 0,
150 20 0,
151 20 0,
152 20 0,
153 20 0,
154 20 0,
155 20 0,
0 21 0,
1 21 0,
2 21 0,
3 21 0,
4 21 0,
5 21 0,
6 21 0,
7 21 0,
8 21 0,
9 21 0,
10 21 0,
11 21 0,
12 21 0,
13 21 0,
14 21 0,
15 21 0,
16 21 0,
17 21 0,
18 21 0,
19 21 0,
20 21 0,
21 21 0,
22 21 0,
23 21 0,
24 21 0,
25 21 0,
26 21 0,
27 21 0,
28 21 0,
29 21 0,
30 21 0,
31 21 8,
32 21 8,
33 21 5,
34 21 5,
35 21 5,
36 21 5,
37 21 5,
38 21 5,
39 21 5,
40 21 5,
41 21 5,
42 21 5,
43 21 5,
44 21 5,
45 21 5,
46 21 5,
47 21 5,
48 21 5,
49 21 5,
50 21 5,
51 21 5,
52 21 5,
53 21 5,
54 21 5,
55 21 5,
56 21 5,
57 21 5,
58 21 5,
59 21 5,
60 21 5,
61 21 5,
62 21 5,
63 21 5,
64 21 5,
65 21 5,
66 21 5,
67 21 5,
68 21 5,
69 21 5,
70 21 5,
71 21 5,
72 21 5,
73 21 5,
74 21 5,
75 21 5,
76 21 5,
77 21 5,
78 21 5,
79 21 5,
80 21 5,
81 21 5,
82 21 5,
83 21 5,
84 21 5,
85 21 5,
86 21 5,
87 21 5,
88 21 5,
89 21 5,
90 21 5,
91 21 5,
92 21 5,
93 21 5,
94 21 5,
95 21 5,
96 21 5,
97 21 5,
98 21 5,
99 21 5,
100 21 5,
101 21 5,
102 21 5,
103 21 5,
104 21 5,
105 21 5,
106 21 5,
107 21 5,
108 21 5,
109 21 5,
110 21 5,
111 21 5,
112 21 5,
113 21 5,
114 21 5,
115 21 5,
116 21 5,
117 21 8,
118 21 8,
119 21 0,
120 21 0,
121 21 0,
122 21 0,
123 21 0,
124 21 0,
125 21 0,
126 21 0,
127 21 0,
128 21 0,
129 21 0,
130 21 0,
131 21 0,
132 21 0,
133 21 0,
134 21 0,
135 21 0,
136 21 0,
137 21 0,
138 21 0,
139 21 0,
140 21 0,
141 21 0,
142 21 0,
143 21 0,
144 21 0,
145 21 0,
146 21 0,
147 21 0,
148 21 0,
149 21 0,
150 21 0,
151 21 0,
152 21 0,
153 21 0,
154 21 0,
155 21 0,
0 22 0,
1 22 0,
2 22 0,
3 22 0,
4 22 0,
5 22 0,
6 22 0,
7 22 0,
8 22 0,
9 22 0,
10 22 0,
11 22 0,
12 22 0,
13 22 0,
14 22 0,
15 22 0,
16 22 0,
17 22 0,
18 22 0,
19 22 0,
20 22 0,
21 22 0,
22 22 0,
23 22 0,
24 22 0,
25 22 0,
26 22 0,
27 22 0,
28 22 0,
29 22 0,
30 22 0,
31 22 8,
32 22 8,
33 22 5,
34 22 5,
35 22 5,
36 22 5,
37 22 5,
38 22 5,
39 22 5,
40 22 5,
41 22 5,
42 22 5,
43 22 5,
44 22 5,
45 22 5,
46 22 5,
47 22 5,
48 22 5,
49 22 5,
50 22 5,
51 22 5,
52 22 5,
53 22 5,
54 22 5,
55 22 5,
56 22 5,
57 22 5,
58 22 5,
59 22 5,
60 22 5,
61 22 5,
62 22 5,
63 22 5,
64 22 5,
65 22 5,
66 22 5,
67 22 5,
68 22 5,
69 22 5,
70 22 5,
71 22 5,
72 22 5,
73 22 5,
74 22 5,
75 22 5,
76 22 5,
77 22 5,
78 22 5,
79 22 5,
80 22 5,
81 22 5,
82 22 5,
83 22 5,
84 22 5,
85 22 5,
86 22 5,
87 22 5,
88 22 5,
89 22 5,
90 22 5,
91 22 5,
92 22 5,
93 22 5,
94 22 5,
95 22 5,
96 22 5,
97 22 5,
98 22 5,
99 22 5,
100 22 5,
101 22 5,
102 22 5,
103 22 5,
104 22 5,
105 22 5,
106 22 5,
107 22 5,
108 22 5,
109 22 5,
110 22 5,
111 22 5,
112 22 5,
113 22 5,
114 22 5,
115 22 5,
116 22 5,
117 22 8,
118 22 8,
119 22 0,
120 22 0,
121 22 0,
122 22 0,
123 22 0,
124 22 0,
125 22 0,
126 22 0,
127 22 0,
128 22 0,
129 22 0,
130 22 0,
131 22 0,
132 22 0,
133 22 0,
134 22 0,
135 22 0,
136 22 0,
137 22 0,
138 22 0,
139 22 0,
140 22 0,
141 22 0,
142 22 0,
143 22 0,
144 22 0,
145 22 0,
146 22 0,
147 22 0,
148 22 0,
149 22 0,
150 22 0,
151 22 0,
152 22 0,
153 22 0,
154 22 0,
155 22 0,
0 23 0,
1 23 0,
2 23 0,
3 23 0,
4 23 0,
5 23 0,
6 23 0,
7 23 0,
8 23 0,
9 23 0,
10 23 0,
11 23 0,
12 23 0,
13 23 0,
14 23 0,
15 23 0,
16 23 0,
17 23 0,
18 23 0,
19 23 0,
20 23 0,
21 23 0,
22 23 0,
23 23 0,
24 23 0,
25 23 0,
26 23 0,
27 23 0,
28 23 0,
29 23 0,
30 23 0,
31 23 8,
32 23 8,
33 23 5,
34 23 5,
35 23 5,
36 23 5,
37 23 5,
38 23 5,
39 23 5,
40 23 5,
41 23 5,
42 23 5,
43 23 5,
44 23 5,
45 23 5,
46 23 5,
47 23 5,
48 23 5,
49 23 5,
50 23 5,
51 23 5,
52 23 5,
53 23 5,
54 23 5,
55 23 5,
56 23 5,
57 23 5,
58 23 5,
59 23 5,
60 23 5,
61 23 5,
62 23 5,
63 23 5,
64 23 5,
65 23 5,
66 23 5,
67 23 5,
68 23 5,
69 23 5,
70 23 5,
71 23 5,
72 23 5,
73 23 5,
74 23 5,
75 23 5,
76 23 5,
77 23 5,
78 23 5,
79 23 5,
80 23 5,
81 23 5,
82 23 5,
83 23 5,
84 23 5,
85 23 5,
86 23 5,
87 23 5,
88 23 5,
89 23 5,
90 23 5,
91 23 5,
92 23 5,
93 23 5,
94 23 5,
95 23 5,
96 23 5,
97 23 5,
98 23 5,
99 23 5,
100 23 5,
101 23 5,
102 23 5,
103 23 5,
104 23 5,
105 23 5,
106 23 5,
107 23 5,
108 23 5,
109 23 5,
110 23 5,
111 23 5,
112 23 5,
113 23 5,
114 23 5,
115 23 5,
116 23 5,
117 23 8,
118 23 8,
119 23 0,
120 23 0,
121 23 0,
122 23 0,
123 23 0,
124 23 0,
125 23 0,
126 23 0,
127 23 0,
128 23 0,
129 23 0,
130 23 0,
131 23 0,
132 23 0,
133 23 0,
134 23 0,
135 23 0,
136 23 0,
137 23 0,
138 23 0,
139 23 0,
140 23 0,
141 23 0,
142 23 0,
143 23 0,
144 23 0,
145 23 0,
146 23 0,
147 23 0,
148 23 0,
149 23 0,
150 23 0,
151 23 0,
152 23 0,
153 23 0,
154 23 0,
155 23 0,
0 24 0,
1 24 0,
2 24 0,
3 24 0,
4 24 0,
5 24 0,
6 24 0,
7 24 0,
8 24 0,
9 24 0,
10 24 0,
11 24 0,
12 24 0,
13 24 0,
14 24 0,
15 24 0,
16 24 0,
17 24 0,
18 24 0,
19 24 0,
20 24 0,
21 24 0,
22 24 0,
23 24 0,
24 24 0,
25 24 0,
26 24 0,
27 24 0,
28 24 0,
29 24 0,
30 24 0,
31 24 8,
32 24 8,
33 24 5,
34 24 5,
35 24 5,
36 24 5,
37 24 5,
38 24 5,
39 24 5,
40 24 5,
41 24 5,
42 24 5,
43 24 5,
44 24 5,
45 24 5,
46 24 5,
47 24 5,
48 24 5,
49 24 5,
50 24 5,
51 24 5,
52 24 5,
53 24 5,
54 24 5,
55 24 5,
56 24 5,
57 24 5,
58 24 5,
59 24 5,
60 24 5,
61 24 5,
62 24 5,
63 24 5,
64 24 5,
65 24 5,
66 24 5,
67 24 5,
68 24 5,
69 24 5,
70 24 5,
71 24 5,
72 24 5,
73 24 5,
74 24 5,
75 24 5,
76 24 5,
77 24 5,
78 24 5,
79 24 5,
80 24 5,
81 24 5,
82 24 5,
83 24 5,
84 24 5,
85 24 5,
86 24 5,
87 24 5,
88 24 5,
89 24 5,
90 24 5,
91 24 5,
92 24 5,
93 24 5,
94 24 5,
95 24 5,
96 24 5,
97 24 5,
98 24 5,
99 24 5,
100 24 5,
101 24 5,
102 24 5,
103 24 5,
104 24 5,
105 24 5,
106 24 5,
107 24 5,
108 24 5,
109 24 5,
110 24 5,
111 24 5,
112 24 5,
113 24 5,
114 24 5,
115 24 5,
116 24 5,
117 24 8,
118 24 8,
119 24 0,
120 24 0,
121 24 0,
122 24 0,
123 24 0,
124 24 0,
125 24 0,
126 24 0,
127 24 0,
128 24 0,
129 24 0,
130 24 0,
131 24 0,
132 24 0,
133 24 0,
134 24 0,
135 24 0,
136 24 0,
137 24 0,
138 24 0,
139 24 0,
140 24 0,
141 24 0,
142 24 0,
143 24 0,
144 24 0,
145 24 0,
146 24 0,
147 24 0,
148 24 0,
149 24 0,
150 24 0,
151 24 0,
152 24 0,
153 24 0,
154 24 0,
155 24 0,
0 25 0,
1 25 0,
2 25 0,
3 25 0,
4 25 0,
5 25 0,
6 25 0,
7 25 0,
8 25 0,
9 25 0,
10 25 0,
11 25 0,
12 25 0,
13 25 0,
14 25 0,
15 25 0,
16 25 0,
17 25 0,
18 25 0,
19 25 0,
20 25 0,
21 25 0,
22 25 0,
23 25 0,
24 25 0,
25 25 0,
26 25 0,
27 25 0,
28 25 0,
29 25 0,
30 25 0,
31 25 8,
32 25 8,
33 25 5,
34 25 5,
35 25 5,
36 25 5,
37 25 5,
38 25 5,
39 25 5,
40 25 5,
41 25 5,
42 25 5,
43 25 5,
44 25 5,
45 25 5,
46 25 5,
47 25 5,
48 25 5,
49 25 5,
50 25 5,
51 25 5,
52 25 5,
53 25 5,
54 25 5,
55 25 5,
56 25 5,
57 25 5,
58 25 5,
59 25 5,
60 25 5,
61 25 5,
62 25 5,
63 25 5,
64 25 5,
65 25 5,
66 25 5,
67 25 5,
68 25 5,
69 25 5,
70 25 5,
71 25 5,
72 25 5,
73 25 5,
74 25 5,
75 25 5,
76 25 5,
77 25 5,
78 25 5,
79 25 5,
80 25 5,
81 25 5,
82 25 5,
83 25 5,
84 25 5,
85 25 5,
86 25 5,
87 25 5,
88 25 5,
89 25 5,
90 25 5,
91 25 5,
92 25 5,
93 25 5,
94 25 5,
95 25 5,
96 25 5,
97 25 5,
98 25 5,
99 25 5,
100 25 5,
101 25 5,
102 25 5,
103 25 5,
104 25 5,
105 25 5,
106 25 5,
107 25 5,
108 25 5,
109 25 5,
110 25 5,
111 25 5,
112 25 5,
113 25 5,
114 25 5,
115 25 5,
116 25 5,
117 25 8,
118 25 8,
119 25 0,
120 25 0,
121 25 0,
122 25 0,
123 25 0,
124 25 0,
125 25 0,
126 25 0,
127 25 0,
128 25 0,
129 25 0,
130 25 0,
131 25 0,
132 25 0,
133 25 0,
134 25 0,
135 25 0,
136 25 0,
137 25 0,
138 25 0,
139 25 0,
140 25 0,
141 25 0,
142 25 0,
143 25 0,
144 25 0,
145 25 0,
146 25 0,
147 25 0,
148 25 0,
149 25 0,
150 25 0,
151 25 0,
152 25 0,
153 25 0,
154 25 0,
155 25 0,
0 26 0,
1 26 0,
2 26 0,
3 26 0,
4 26 0,
5 26 0,
6 26 0,
7 26 0,
8 26 0,
9 26 0,
10 26 0,
11 26 0,
12 26 0,
13 26 0,
14 26 0,
15 26 0,
16 26 0,
17 26 0,
18 26 0,
19 26 0,
20 26 0,
21 26 0,
22 26 0,
23 26 0,
24 26 0,
25 26 0,
26 26 0,
27 26 0,
28 26 0,
29 26 0,
30 26 0,
31 26 8,
32 26 8,
33 26 8,
34 26 8,
35 26 8,
36 26 8,
37 26 8,
38 26 8,
39 26 8,
40 26 8,
41 26 8,
42 26 8,
43 26 8,
44 26 8,
45 26 8,
46 26 8,
47 26 8,
48 26 8,
49 26 8,
50 26 8,
51 26 8,
52 26 8,
53 26 8,
54 26 8,
55 26 8,
56 26 8,
57 26 8,
58 26 8,
59 26 8,
60 26 8,
61 26 8,
62 26 8,
63 26 8,
64 26 8,
65 26 8,
66 26 8,
67 26 8,
68 26 8,
69 26 8,
70 26 8,
71 26 8,
72 26 8,
73 26 8,
74 26 8,
75 26 8,
76 26 8,
77 26 8,
78 26 8,
79 26 8,
80 26 8,
81 26 8,
82 26 8,
83 26 8,
84 26 8,
85 26 8,
86 26 8,
87 26 8,
88 26 8,
89 26 8,
90 26 8,
91 26 8,
92 26 8,
93 26 8,
94 26 8,
95 26 8,
96 26 8,
97 26 8,
98 26 8,
99 26 8,
100 26 8,
101 26 8,
102 26 8,
103 26 8,
104 26 8,
105 26 8,
106 26 8,
107 26 8,
108 26 8,
109 26 8,
110 26 8,
111 26 8,
112 26 8,
113 26 8,
114 26 8,
115 26 8,
116 26 8,
117 26 8,
118 26 8,
119 26 0,
120 26 0,
121 26 0,
122 26 0,
123 26 0,
124 26 0,
125 26 0,
126 26 0,
127 26 0,
128 26 0,
129 26 0,
130 26 0,
131 26 0,
132 26 0,
133 26 0,
134 26 0,
135 26 0,
136 26 0,
137 26 0,
138 26 0,
139 26 0,
140 26 0,
141 26 0,
142 26 0,
143 26 0,
144 26 0,
145 26 0,
146 26 0,
147 26 0,
148 26 0,
149 26 0,
150 26 0,
151 26 0,
152 26 0,
153 26 0,
154 26 0,
155 26 0,
0 27 0,
1 27 0,
2 27 0,
3 27 0,
4 27 0,
5 27 0,
6 27 0,
7 27 0,
8 27 0,
9 27 0,
10 27 0,
11 27 0,
12 27 0,
13 27 0,
14 27 0,
15 27 0,
16 27 0,
17 27 0,
18 27 0,
19 27 0,
20 27 0,
21 27 0,
22 27 0,
23 27 0,
24 27 0,
25 27 0,
26 27 0,
27 27 0,
28 27 0,
29 27 0,
30 27 0,
31 27 0,
32 27 0,
33 27 0,
34 27 0,
35 27 0,
36 27 0,
37 27 0,
38 27 0,
39 27 0,
40 27 0,
41 27 0,
42 27 0,
43 27 0,
44 27 0,
45 27 0,
46 27 0,
47 27 0,
48 27 0,
49 27 0,
50 27 0,
51 27 0,
52 27 0,
53 27 0,
54 27 0,
55 27 0,
56 27 0,
57 27 0,
58 27 0,
59 27 0,
60 27 0,
61 27 0,
62 27 0,
63 27 0,
64 27 0,
65 27 0,
66 27 0,
67 27 0,
68 27 0,
69 27 0,
70 27 0,
71 27 0,
72 27 0,
73 27 0,
74 27 0,
75 27 0,
76 27 0,
77 27 0,
78 27 0,
79 27 0,
80 27 0,
81 27 0,
82 27 0,
83 27 0,
84 27 0,
85 27 0,
86 27 0,
87 27 0,
88 27 0,
89 27 0,
90 27 0,
91 27 0,
92 27 0,
93 27 0,
94 27 0,
95 27 0,
96 27 0,
97 27 0,
98 27 0,
99 27 0,
100 27 0,
101 27 0,
102 27 0,
103 27 0,
104 27 0,
105 27 0,
106 27 0,
107 27 0,
108 27 0,
109 27 0,
110 27 0,
111 27 0,
112 27 0,
113 27 0,
114 27 0,
115 27 0,
116 27 0,
117 27 0,
118 27 0,
119 27 0,
120 27 0,
121 27 0,
122 27 0,
123 27 0,
124 27 0,
125 27 0,
126 27 0,
127 27 0,
128 27 0,
129 27 0,
130 27 0,
131 27 0,
132 27 0,
133 27 0,
134 27 0,
135 27 0,
136 27 0,
137 27 0,
138 27 0,
139 27 0,
140 27 0,
141 27 0,
142 27 0,
143 27 0,
144 27 0,
145 27 0,
146 27 0,
147 27 0,
148 27 0,
149 27 0,
150 27 0,
151 27 0,
152 27 0,
153 27 0,
154 27 0,
155 27 0,
0 28 0,
1 28 0,
2 28 0,
3 28 0,
4 28 0,
5 28 0,
6 28 0,
7 28 0,
8 28 0,
9 28 0,
10 28 0,
11 28 0,
12 28 0,
13 28 0,
14 28 0,
15 28 0,
16 28 0,
17 28 0,
18 28 0,
19 28 0,
20 28 0,
21 28 0,
22 28 0,
23 28 0,
24 28 0,
25 28 0,
26 28 0,
27 28 0,
28 28 0,
29 28 0,
30 28 0,
31 28 0,
32 28 0,
33 28 0,
34 28 0,
35 28 0,
36 28 0,
37 28 0,
38 28 0,
39 28 0,
40 28 0,
41 28 0,
42 28 0,
43 28 0,
44 28 0,
45 28 0,
46 28 0,
47 28 0,
48 28 0,
49 28 0,
50 28 0,
51 28 0,
52 28 0,
53 28 0,
54 28 0,
55 28 0,
56 28 0,
57 28 0,
58 28 0,
59 28 0,
60 28 0,
61 28 0,
62 28 0,
63 28 0,
64 28 0,
65 28 0,
66 28 0,
67 28 0,
68 28 0,
69 28 0,
70 28 0,
71 28 0,
72 28 0,
73 28 0,
74 28 0,
75 28 0,
76 28 0,
77 28 0,
78 28 0,
79 28 0,
80 28 0,
81 28 0,
82 28 0,
83 28 0,
84 28 0,
85 28 0,
86 28 0,
87 28 0,
88 28 0,
89 28 0,
90 28 0,
91 28 0,
92 28 0,
93 28 0,
94 28 0,
95 28 0,
96 28 0,
97 28 0,
98 28 0,
99 28 0,
100 28 0,
101 28 0,
102 28 0,
103 28 0,
104 28 0,
105 28 0,
106 28 0,
107 28 0,
108 28 0,
109 28 0,
110 28 0,
111 28 0,
112 28 0,
113 28 0,
114 28 0,
115 28 0,
116 28 0,
117 28 0,
118 28 0,
119 28 0,
120 28 0,
121 28 0,
122 28 0,
123 28 0,
124 28 0,
125 28 0,
126 28 0,
127 28 0,
128 28 0,
129 28 0,
130 28 0,
131 28 0,
132 28 0,
133 28 0,
134 28 0,
135 28 0,
136 28 0,
137 28 0,
138 28 0,
139 28 0,
140 28 0,
141 28 0,
142 28 0,
143 28 0,
144 28 0,
145 28 0,
146 28 0,
147 28 0,
148 28 0,
149 28 0,
150 28 0,
151 28 0,
152 28 0,
153 28 0,
154 28 0,
155 28 0,
0 29 0,
1 29 0,
2 29 0,
3 29 0,
4 29 0,
5 29 0,
6 29 0,
7 29 0,
8 29 0,
9 29 0,
10 29 0,
11 29 0,
12 29 0,
13 29 0,
14 29 0,
15 29 0,
16 29 0,
17 29 0,
18 29 0,
19 29 0,
20 29 0,
21 29 0,
22 29 0,
23 29 0,
24 29 0,
25 29 0,
26 29 0,
27 29 0,
28 29 0,
29 29 0,
30 29 0,
31 29 0,
32 29 0,
33 29 0,
34 29 0,
35 29 0,
36 29 0,
37 29 0,
38 29 0,
39 29 0,
40 29 0,
41 29 0,
42 29 0,
43 29 0,
44 29 0,
45 29 0,
46 29 0,
47 29 0,
48 29 0,
49 29 0,
50 29 0,
51 29 0,
52 29 0,
53 29 0,
54 29 0,
55 29 0,
56 29 0,
57 29 0,
58 29 0,
59 29 0,
60 29 0,
61 29 0,
62 29 0,
63 29 0,
64 29 0,
65 29 0,
66 29 0,
67 29 0,
68 29 0,
69 29 0,
70 29 0,
71 29 0,
72 29 0,
73 29 0,
74 29 0,
75 29 0,
76 29 0,
77 29 0,
78 29 0,
79 29 0,
80 29 0,
81 29 0,
82 29 0,
83 29 0,
84 29 0,
85 29 0,
86 29 0,
87 29 0,
88 29 0,
89 29 0,
90 29 0,
91 29 0,
92 29 0,
93 29 0,
94 29 0,
95 29 0,
96 29 0,
97 29 0,
98 29 0,
99 29 0,
100 29 0,
101 29 0,
102 29 0,
103 29 0,
104 29 0,
105 29 0,
106 29 0,
107 29 0,
108 29 0,
109 29 0,
110 29 0,
111 29 0,
112 29 0,
113 29 0,
114 29 0,
115 29 0,
116 29 0,
117 29 0,
118 29 0,
119 29 0,
120 29 0,
121 29 0,
122 29 0,
123 29 0,
124 29 0,
125 29 0,
126 29 0,
127 29 0,
128 29 0,
129 29 0,
130 29 0,
131 29 0,
132 29 0,
133 29 0,
134 29 0,
135 29 0,
136 29 0,
137 29 0,
138 29 0,
139 29 0,
140 29 0,
141 29 0,
142 29 0,
143 29 0,
144 29 0,
145 29 0,
146 29 0,
147 29 0,
148 29 0,
149 29 0,
150 29 0,
151 29 0,
152 29 0,
153 29 0,
154 29 0,
155 29 0,
0 30 0,
1 30 0,
2 30 0,
3 30 0,
4 30 0,
5 30 0,
6 30 0,
7 30 0,
8 30 0,
9 30 0,
10 30 0,
11 30 0,
12 30 0,
13 30 0,
14 30 0,
15 30 0,
16 30 0,
17 30 0,
18 30 0,
19 30 0,
20 30 0,
21 30 0,
22 30 0,
23 30 0,
24 30 0,
25 30 0,
26 30 0,
27 30 0,
28 30 0,
29 30 0,
30 30 0,
31 30 0,
32 30 0,
33 30 0,
34 30 0,
35 30 0,
36 30 0,
37 30 0,
38 30 0,
39 30 0,
40 30 0,
41 30 0,
42 30 0,
43 30 0,
44 30 0,
45 30 0,
46 30 0,
47 30 0,
48 30 0,
49 30 0,
50 30 0,
51 30 0,
52 30 0,
53 30 0,
54 30 0,
55 30 0,
56 30 0,
57 30 0,
58 30 0,
59 30 0,
60 30 0,
61 30 0,
62 30 0,
63 30 0,
64 30 0,
65 30 0,
66 30 0,
67 30 0,
68 30 0,
69 30 0,
70 30 0,
71 30 0,
72 30 0,
73 30 0,
74 30 0,
75 30 0,
76 30 0,
77 30 0,
78 30 0,
79 30 0,
80 30 0,
81 30 0,
82 30 0,
83 30 0,
84 30 0,
85 30 0,
86 30 0,
87 30 0,
88 30 0,
89 30 0,
90 30 0,
91 30 0,
92 30 0,
93 30 0,
94 30 0,
95 30 0,
96 30 0,
97 30 0,
98 30 0,
99 30 0,
100 30 0,
101 30 0,
102 30 0,
103 30 0,
104 30 0,
105 30 0,
106 30 0,
107 30 0,
108 30 0,
109 30 0,
110 30 0,
111 30 0,
112 30 0,
113 30 0,
114 30 0,
115 30 0,
116 30 0,
117 30 0,
118 30 0,
119 30 0,
120 30 0,
121 30 0,
122 30 0,
123 30 0,
124 30 0,
125 30 0,
126 30 0,
127 30 0,
128 30 0,
129 30 0,
130 30 0,
131 30 0,
132 30 0,
133 30 0,
134 30 0,
135 30 0,
136 30 0,
137 30 0,
138 30 0,
139 30 0,
140 30 0,
141 30 0,
142 30 0,
143 30 0,
144 30 0,
145 30 0,
146 30 0,
147 30 0,
148 30 0,
149 30 0,
150 30 0,
151 30 0,
152 30 0,
153 30 0,
154 30 0,
155 30 0,
0 31 0,
1 31 0,
2 31 0,
3 31 0,
4 31 0,
5 31 0,
6 31 0,
7 31 0,
8 31 0,
9 31 0,
10 31 0,
11 31 0,
12 31 0,
13 31 0,
14 31 0,
15 31 0,
16 31 0,
17 31 0,
18 31 0,
19 31 0,
20 31 0,
21 31 0,
22 31 0,
23 31 0,
24 31 0,
25 31 0,
26 31 0,
27 31 0,
28 31 0,
29 31 0,
30 31 0,
31 31 0,
32 31 0,
33 31 0,
34 31 0,
35 31 0,
36 31 0,
37 31 0,
38 31 0,
39 31 0,
40 31 0,
41 31 0,
42 31 0,
43 31 0,
44 31 0,
45 31 0,
46 31 0,
47 31 0,
48 31 0,
49 31 0,
50 31 0,
51 31 0,
52 31 0,
53 31 0,
54 31 0,
55 31 0,
56 31 0,
57 31 0,
58 31 0,
59 31 0,
60 31 0,
61 31 0,
62 31 0,
63 31 0,
64 31 0,
65 31 0,
66 31 0,
67 31 0,
68 31 0,
69 31 0,
70 31 0,
71 31 0,
72 31 0,
73 31 0,
74 31 0,
75 31 0,
76 31 0,
77 31 0,
78 31 0,
79 31 0,
80 31 0,
81 31 0,
82 31 0,
83 31 0,
84 31 0,
85 31 0,
86 31 0,
87 31 0,
88 31 0,
89 31 0,
90 31 0,
91 31 0,
92 31 0,
93 31 0,
94 31 0,
95 31 0,
96 31 0,
97 31 0,
98 31 0,
99 31 0,
100 31 0,
101 31 0,
102 31 0,
103 31 0,
104 31 0,
105 31 0,
106 31 0,
107 31 0,
108 31 0,
109 31 0,
110 31 0,
111 31 0,
112 31 0,
113 31 0,
114 31 0,
115 31 0,
116 31 0,
117 31 0,
118 31 0,
119 31 0,
120 31 0,
121 31 0,
122 31 0,
123 31 0,
124 31 0,
125 31 0,
126 31 0,
127 31 0,
128 31 0,
129 31 0,
130 31 0,
131 31 0,
132 31 0,
133 31 0,
134 31 0,
135 31 0,
136 31 0,
137 31 0,
138 31 0,
139 31 0,
140 31 0,
141 31 0,
142 31 0,
143 31 0,
144 31 0,
145 31 0,
146 31 0,
147 31 0,
148 31 0,
149 31 0,
150 31 0,
151 31 0,
152 31 0,
153 31 0,
154 31 0,
155 31 0,
0 32 0,
1 32 0,
2 32 0,
3 32 0,
4 32 0,
5 32 0,
6 32 0,
7 32 0,
8 32 0,
9 32 0,
10 32 0,
11 32 0,
12 32 0,
13 32 0,
14 32 0,
15 32 0,
16 32 0,
17 32 0,
18 32 0,
19 32 0,
20 32 0,
21 32 0,
22 32 0,
23 32 0,
24 32 0,
25 32 0,
26 32 0,
27 32 0,
28 32 0,
29 32 0,
30 32 0,
31 32 0,
32 32 0,
33 32 0,
34 32 0,
35 32 0,
36 32 0,
37 32 0,
38 32 0,
39 32 0,
40 32 0,
41 32 0,
42 32 0,
43 32 0,
44 32 0,
45 32 0,
46 32 0,
47 32 0,
48 32 0,
49 32 0,
50 32 0,
51 32 0,
52 32 0,
53 32 0,
54 32 0,
55 32 0,
56 32 0,
57 32 0,
58 32 0,
59 32 0,
60 32 0,
61 32 0,
62 32 0,
63 32 0,
64 32 0,
65 32 0,
66 32 0,
67 32 0,
68 32 0,
69 32 0,
70 32 0,
71 32 0,
72 32 0,
73 32 0,
74 32 0,
75 32 0,
76 32 0,
77 32 0,
78 32 0,
79 32 0,
80 32 0,
81 32 0,
82 32 0,
83 32 0,
84 32 0,
85 32 0,
86 32 0,
87 32 0,
88 32 0,
89 32 0,
90 32 0,
91 32 0,
92 32 0,
93 32 0,
94 32 0,
95 32 0,
96 32 0,
97 32 0,
98 32 0,
99 32 0,
100 32 0,
101 32 0,
102 32 0,
103 32 0,
104 32 0,
105 32 0,
106 32 0,
107 32 0,
108 32 0,
109 32 0,
110 32 0,
111 32 0,
112 32 0,
113 32 0,
114 32 0,
115 32 0,
116 32 0,
117 32 0,
118 32 0,
119 32 0,
120 32 0,
121 32 0,
122 32 0,
123 32 0,
124 32 0,
125 32 0,
126 32 0,
127 32 0,
128 32 0,
129 32 0,
130 32 0,
131 32 0,
132 32 0,
133 32 0,
134 32 0,
135 32 0,
136 32 0,
137 32 0,
138 32 0,
139 32 0,
140 32 0,
141 32 0,
142 32 0,
143 32 0,
144 32 0,
145 32 0,
146 32 0,
147 32 0,
148 32 0,
149 32 0,
150 32 0,
151 32 0,
152 32 0,
153 32 0,
154 32 0,
155 32 0,
0 33 0,
1 33 0,
2 33 0,
3 33 0,
4 33 0,
5 33 0,
6 33 0,
7 33 0,
8 33 0,
9 33 0,
10 33 0,
11 33 0,
12 33 0,
13 33 0,
14 33 0,
15 33 0,
16 33 0,
17 33 0,
18 33 0,
19 33 0,
20 33 0,
21 33 0,
22 33 0,
23 33 0,
24 33 0,
25 33 0,
26 33 0,
27 33 0,
28 33 0,
29 33 0,
30 33 0,
31 33 0,
32 33 0,
33 33 0,
34 33 0,
35 33 0,
36 33 0,
37 33 0,
38 33 0,
39 33 0,
40 33 0,
41 33 0,
42 33 0,
43 33 0,
44 33 0,
45 33 0,
46 33 0,
47 33 0,
48 33 0,
49 33 0,
50 33 0,
51 33 0,
52 33 0,
53 33 0,
54 33 0,
55 33 0,
56 33 0,
57 33 0,
58 33 0,
59 33 0,
60 33 0,
61 33 0,
62 33 0,
63 33 0,
64 33 0,
65 33 0,
66 33 0,
67 33 0,
68 33 0,
69 33 0,
70 33 0,
71 33 0,
72 33 0,
73 33 0,
74 33 0,
75 33 0,
76 33 0,
77 33 0,
78 33 0,
79 33 0,
80 33 0,
81 33 0,
82 33 0,
83 33 0,
84 33 0,
85 33 0,
86 33 0,
87 33 0,
88 33 0,
89 33 0,
90 33 0,
91 33 0,
92 33 0,
93 33 0,
94 33 0,
95 33 0,
96 33 0,
97 33 0,
98 33 0,
99 33 0,
100 33 0,
101 33 0,
102 33 0,
103 33 0,
104 33 0,
105 33 0,
106 33 0,
107 33 0,
108 33 0,
109 33 0,
110 33 0,
111 33 0,
112 33 0,
113 33 0,
114 33 0,
115 33 0,
116 33 0,
117 33 0,
118 33 0,
119 33 0,
120 33 0,
121 33 0,
122 33 0,
123 33 0,
124 33 0,
125 33 0,
126 33 0,
127 33 0,
128 33 0,
129 33 0,
130 33 0,
131 33 0,
132 33 0,
133 33 0,
134 33 0,
135 33 0,
136 33 0,
137 33 0,
138 33 0,
139 33 0,
140 33 0,
141 33 0,
142 33 0,
143 33 0,
144 33 0,
145 33 0,
146 33 0,
147 33 0,
148 33 0,
149 33 0,
150 33 0,
151 33 0,
152 33 0,
153 33 0,
154 33 0,
155 33 0,
0 34 0,
1 34 0,
2 34 0,
3 34 0,
4 34 0,
5 34 0,
6 34 0,
7 34 0,
8 34 0,
9 34 0,
10 34 0,
11 34 0,
12 34 0,
13 34 0,
14 34 0,
15 34 0,
16 34 0,
17 34 0,
18 34 0,
19 34 0,
20 34 0,
21 34 0,
22 34 0,
23 34 0,
24 34 0,
25 34 0,
26 34 0,
27 34 0,
28 34 0,
29 34 0,
30 34 0,
31 34 0,
32 34 0,
33 34 0,
34 34 0,
35 34 0,
36 34 0,
37 34 0,
38 34 0,
39 34 0,
40 34 0,
41 34 0,
42 34 0,
43 34 0,
44 34 0,
45 34 0,
46 34 0,
47 34 0,
48 34 0,
49 34 0,
50 34 0,
51 34 0,
52 34 0,
53 34 0,
54 34 0,
55 34 0,
56 34 0,
57 34 0,
58 34 0,
59 34 0,
60 34 0,
61 34 0,
62 34 0,
63 34 0,
64 34 0,
65 34 0,
66 34 0,
67 34 0,
68 34 0,
69 34 0,
70 34 0,
71 34 0,
72 34 0,
73 34 0,
74 34 0,
75 34 0,
76 34 0,
77 34 0,
78 34 0,
79 34 0,
80 34 0,
81 34 0,
82 34 0,
83 34 0,
84 34 0,
85 34 0,
86 34 0,
87 34 0,
88 34 0,
89 34 0,
90 34 0,
91 34 0,
92 34 0,
93 34 0,
94 34 0,
95 34 0,
96 34 0,
97 34 0,
98 34 0,
99 34 0,
100 34 0,
101 34 0,
102 34 0,
103 34 0,
104 34 0,
105 34 0,
106 34 0,
107 34 0,
108 34 0,
109 34 0,
110 34 0,
111 34 0,
112 34 0,
113 34 0,
114 34 0,
115 34 0,
116 34 0,
117 34 0,
118 34 0,
119 34 0,
120 34 0,
121 34 0,
122 34 0,
123 34 0,
124 34 0,
125 34 0,
126 34 0,
127 34 0,
128 34 0,
129 34 0,
130 34 0,
131 34 0,
132 34 0,
133 34 0,
134 34 0,
135 34 0,
136 34 0,
137 34 0,
138 34 0,
139 34 0,
140 34 0,
141 34 0,
142 34 0,
143 34 0,
144 34 0,
145 34 0,
146 34 0,
147 34 0,
148 34 0,
149 34 0,
150 34 0,
151 34 0,
152 34 0,
153 34 0,
154 34 0,
155 34 0,
0 35 0,
1 35 0,
2 35 0,
3 35 0,
4 35 0,
5 35 0,
6 35 0,
7 35 0,
8 35 0,
9 35 0,
10 35 0,
11 35 0,
12 35 0,
13 35 0,
14 35 0,
15 35 0,
16 35 0,
17 35 0,
18 35 0,
19 35 0,
20 35 0,
21 35 0,
22 35 0,
23 35 0,
24 35 0,
25 35 0,
26 35 0,
27 35 0,
28 35 0,
29 35 0,
30 35 0,
31 35 0,
32 35 0,
33 35 0,
34 35 0,
35 35 0,
36 35 0,
37 35 0,
38 35 0,
39 35 0,
40 35 0,
41 35 0,
42 35 0,
43 35 0,
44 35 0,
45 35 0,
46 35 0,
47 35 0,
48 35 0,
49 35 0,
50 35 0,
51 35 0,
52 35 0,
53 35 0,
54 35 0,
55 35 0,
56 35 0,
57 35 0,
58 35 0,
59 35 0,
60 35 0,
61 35 0,
62 35 0,
63 35 0,
64 35 0,
65 35 0,
66 35 0,
67 35 0,
68 35 0,
69 35 0,
70 35 0,
71 35 0,
72 35 0,
73 35 0,
74 35 0,
75 35 0,
76 35 0,
77 35 0,
78 35 0,
79 35 0,
80 35 0,
81 35 0,
82 35 0,
83 35 0,
84 35 0,
85 35 0,
86 35 0,
87 35 0,
88 35 0,
89 35 0,
90 35 0,
91 35 0,
92 35 0,
93 35 0,
94 35 0,
95 35 0,
96 35 0,
97 35 0,
98 35 0,
99 35 0,
100 35 0,
101 35 0,
102 35 0,
103 35 0,
104 35 0,
105 35 0,
106 35 0,
107 35 0,
108 35 0,
109 35 0,
110 35 0,
111 35 0,
112 35 0,
113 35 0,
114 35 0,
115 35 0,
116 35 0,
117 35 0,
118 35 0,
119 35 0,
120 35 0,
121 35 0,
122 35 0,
123 35 0,
124 35 0,
125 35 0,
126 35 0,
127 35 0,
128 35 0,
129 35 0,
130 35 0,
131 35 0,
132 35 0,
133 35 0,
134 35 0,
135 35 0,
136 35 0,
137 35 0,
138 35 0,
139 35 0,
140 35 0,
141 35 0,
142 35 0,
143 35 0,
144 35 0,
145 35 0,
146 35 0,
147 35 0,
148 35 0,
149 35 0,
150 35 0,
151 35 0,
152 35 0,
153 35 0,
154 35 0,
155 35 0,
0 36 0,
1 36 0,
2 36 0,
3 36 0,
4 36 0,
5 36 0,
6 36 0,
7 36 0,
8 36 0,
9 36 0,
10 36 0,
11 36 0,
12 36 0,
13 36 0,
14 36 0,
15 36 0,
16 36 0,
17 36 0,
18 36 0,
19 36 0,
20 36 0,
21 36 0,
22 36 0,
23 36 0,
24 36 0,
25 36 0,
26 36 0,
27 36 0,
28 36 0,
29 36 0,
30 36 0,
31 36 0,
32 36 0,
33 36 0,
34 36 0,
35 36 0,
36 36 0,
37 36 0,
38 36 0,
39 36 0,
40 36 0,
41 36 0,
42 36 0,
43 36 0,
44 36 0,
45 36 0,
46 36 0,
47 36 0,
48 36 0,
49 36 0,
50 36 0,
51 36 0,
52 36 0,
53 36 0,
54 36 0,
55 36 0,
56 36 0,
57 36 0,
58 36 0,
59 36 0,
60 36 0,
61 36 0,
62 36 0,
63 36 0,
64 36 0,
65 36 0,
66 36 0,
67 36 0,
68 36 0,
69 36 0,
70 36 0,
71 36 0,
72 36 0,
73 36 0,
74 36 0,
75 36 0,
76 36 0,
77 36 0,
78 36 0,
79 36 0,
80 36 0,
81 36 0,
82 36 0,
83 36 0,
84 36 0,
85 36 0,
86 36 0,
87 36 0,
88 36 0,
89 36 0,
90 36 0,
91 36 0,
92 36 0,
93 36 0,
94 36 0,
95 36 0,
96 36 0,
97 36 0,
98 36 0,
99 36 0,
100 36 0,
101 36 0,
102 36 0,
103 36 0,
104 36 0,
105 36 0,
106 36 0,
107 36 0,
108 36 0,
109 36 0,
110 36 0,
111 36 0,
112 36 0,
113 36 0,
114 36 0,
115 36 0,
116 36 0,
117 36 0,
118 36 0,
119 36 0,
120 36 0,
121 36 0,
122 36 0,
123 36 0,
124 36 0,
125 36 0,
126 36 0,
127 36 0,
128 36 0,
129 36 0,
130 36 0,
131 36 0,
132 36 0,
133 36 0,
134 36 0,
135 36 0,
136 36 0,
137 36 0,
138 36 0,
139 36 0,
140 36 0,
141 36 0,
142 36 0,
143 36 0,
144 36 0,
145 36 0,
146 36 0,
147 36 0,
148 36 0,
149 36 0,
150 36 0,
151 36 0,
152 36 0,
153 36 0,
154 36 0,
155 36 0,
0 37 0,
1 37 0,
2 37 0,
3 37 0,
4 37 0,
5 37 0,
6 37 0,
7 37 0,
8 37 0,
9 37 0,
10 37 0,
11 37 0,
12 37 0,
13 37 0,
14 37 0,
15 37 0,
16 37 0,
17 37 0,
18 37 0,
19 37 0,
20 37 0,
21 37 0,
22 37 0,
23 37 0,
24 37 0,
25 37 0,
26 37 0,
27 37 0,
28 37 0,
29 37 0,
30 37 0,
31 37 0,
32 37 0,
33 37 0,
34 37 0,
35 37 0,
36 37 0,
37 37 0,
38 37 0,
39 37 0,
40 37 0,
41 37 0,
42 37 0,
43 37 0,
44 37 0,
45 37 0,
46 37 0,
47 37 0,
48 37 0,
49 37 0,
50 37 0,
51 37 0,
52 37 0,
53 37 0,
54 37 0,
55 37 0,
56 37 0,
57 37 0,
58 37 0,
59 37 0,
60 37 0,
61 37 0,
62 37 0,
63 37 0,
64 37 0,
65 37 0,
66 37 0,
67 37 0,
68 37 0,
69 37 0,
70 37 0,
71 37 0,
72 37 0,
73 37 0,
74 37 0,
75 37 0,
76 37 0,
77 37 0,
78 37 0,
79 37 0,
80 37 0,
81 37 0,
82 37 0,
83 37 0,
84 37 0,
85 37 0,
86 37 0,
87 37 0,
88 37 0,
89 37 0,
90 37 0,
91 37 0,
92 37 0,
93 37 0,
94 37 0,
95 37 0,
96 37 0,
97 37 0,
98 37 0,
99 37 0,
100 37 0,
101 37 0,
102 37 0,
103 37 0,
104 37 0,
105 37 0,
106 37 0,
107 37 0,
108 37 0,
109 37 0,
110 37 0,
111 37 0,
112 37 0,
113 37 0,
114 37 0,
115 37 0,
116 37 0,
117 37 0,
118 37 0,
119 37 0,
120 37 0,
121 37 0,
122 37 0,
123 37 0,
124 37 0,
125 37 0,
126 37 0,
127 37 0,
128 37 0,
129 37 0,
130 37 0,
131 37 0,
132 37 0,
133 37 0,
134 37 0,
135 37 0,
136 37 0,
137 37 0,
138 37 0,
139 37 0,
140 37 0,
141 37 0,
142 37 0,
143 37 0,
144 37 0,
145 37 0,
146 37 0,
147 37 0,
148 37 0,
149 37 0,
150 37 0,
151 37 0,
152 37 0,
153 37 0,
154 37 0,
155 37 0,
0 38 0,
1 38 0,
2 38 0,
3 38 0,
4 38 0,
5 38 0,
6 38 0,
7 38 0,
8 38 0,
9 38 0,
10 38 0,
11 38 0,
12 38 0,
13 38 0,
14 38 0,
15 38 0,
16 38 0,
17 38 0,
18 38 0,
19 38 0,
20 38 0,
21 38 0,
22 38 0,
23 38 0,
24 38 0,
25 38 0,
26 38 0,
27 38 0,
28 38 0,
29 38 0,
30 38 0,
31 38 0,
32 38 0,
33 38 0,
34 38 0,
35 38 0,
36 38 0,
37 38 0,
38 38 0,
39 38 0,
40 38 0,
41 38 0,
42 38 0,
43 38 0,
44 38 0,
45 38 0,
46 38 0,
47 38 0,
48 38 0,
49 38 0,
50 38 0,
51 38 0,
52 38 0,
53 38 0,
54 38 0,
55 38 0,
56 38 0,
57 38 0,
58 38 0,
59 38 0,
60 38 0,
61 38 0,
62 38 0,
63 38 0,
64 38 0,
65 38 0,
66 38 0,
67 38 0,
68 38 0,
69 38 0,
70 38 0,
71 38 0,
72 38 0,
73 38 0,
74 38 0,
75 38 0,
76 38 0,
77 38 0,
78 38 0,
79 38 0,
80 38 0,
81 38 0,
82 38 0,
83 38 0,
84 38 0,
85 38 0,
86 38 0,
87 38 0,
88 38 0,
89 38 0,
90 38 0,
91 38 0,
92 38 0,
93 38 0,
94 38 0,
95 38 0,
96 38 0,
97 38 0,
98 38 0,
99 38 0,
100 38 0,
101 38 0,
102 38 0,
103 38 0,
104 38 0,
105 38 0,
106 38 0,
107 38 0,
108 38 0,
109 38 0,
110 38 0,
111 38 0,
112 38 0,
113 38 0,
114 38 0,
115 38 0,
116 38 0,
117 38 0,
118 38 0,
119 38 0,
120 38 0,
121 38 0,
122 38 0,
123 38 0,
124 38 0,
125 38 0,
126 38 0,
127 38 0,
128 38 0,
129 38 0,
130 38 0,
131 38 0,
132 38 0,
133 38 0,
134 38 0,
135 38 0,
136 38 0,
137 38 0,
138 38 0,
139 38 0,
140 38 0,
141 38 0,
142 38 0,
143 38 0,
144 38 0,
145 38 0,
146 38 0,
147 38 0,
148 38 0,
149 38 0,
150 38 0,
151 38 0,
152 38 0,
153 38 0,
154 38 0,
155 38 0