0 0 0,
1 0 0,
2 0 0,
3 0 0,
4 0 0,
5 0 0,
6 0 0,
7 0 0,
8 0 0,
9 0 0,
10 0 0,
11 0 0,
12 0 0,
13 0 0,
14 0 0,
15 0 0,
16 0 0,
17 0 0,
18 0 0,
19 0 0,
20 0 0,
21 0 0,
22 0 0,
23 0 0,
24 0 0,
25 0 0,
26 0 0,
27 0 0,
28 0 0,
29 0 0,
30 0 0,
31 0 0,
32 0 0,
33 0 0,
34 0 0,
35 0 0,
36 0 0,
37 0 0,
38 0 0,
39 0 0,
40 0 0,
41 0 0,
42 0 0,
43 0 0,
44 0 0,
45 0 0,
46 0 0,
47 0 0,
48 0 0,
49 0 0,
50 0 0,
51 0 0,
52 0 0,
53 0 0,
54 0 0,
55 0 0,
56 0 0,
57 0 0,
58 0 0,
59 0 0,
60 0 0,
61 0 0,
62 0 0,
63 0 0,
64 0 0,
65 0 0,
66 0 0,
67 0 0,
68 0 0,
69 0 0,
70 0 0,
71 0 0,
72 0 0,
73 0 0,
74 0 0,
75 0 0,
76 0 0,
77 0 0,
78 0 0,
79 0 0,
80 0 0,
81 0 0,
82 0 0,
83 0 0,
84 0 0,
85 0 0,
86 0 0,
87 0 0,
88 0 0,
89 0 0,
90 0 0,
91 0 0,
92 0 0,
93 0 0,
94 0 0,
95 0 0,
96 0 0,
97 0 0,
98 0 0,
99 0 0,
100 0 0,
101 0 0,
102 0 0,
103 0 0,
104 0 0,
105 0 0,
106 0 0,
107 0 0,
108 0 0,
109 0 0,
110 0 0,
111 0 0,
112 0 0,
113 0 0,
114 0 0,
115 0 0,
116 0 0,
117 0 0,
118 0 0,
119 0 0,
120 0 0,
121 0 0,
122 0 0,
123 0 0,
124 0 0,
125 0 0,
126 0 0,
127 0 0,
128 0 0,
129 0 0,
130 0 0,
131 0 0,
132 0 0,
133 0 0,
134 0 0,
135 0 0,
136 0 0,
137 0 0,
138 0 0,
139 0 0,
140 0 0,
141 0 0,
142 0 0,
143 0 0,
144 0 0,
145 0 0,
146 0 0,
147 0 0,
148 0 0,
149 0 0,
150 0 0,
151 0 0,
152 0 0,
153 0 0,
154 0 0,
155 0 0,
0 1 0,
1 1 0,
2 1 0,
3 1 0,
4 1 0,
5 1 0,
6 1 0,
7 1 0,
8 1 14,
9 1 0,
10 1 14,
11 1 0,
12 1 0,
13 1 0,
14 1 0,
15 1 0,
16 1 0,
17 1 0,
18 1 0,
19 1 0,
20 1 0,
21 1 0,
22 1 0,
23 1 0,
24 1 0,
25 1 0,
26 1 0,
27 1 0,
28 1 0,
29 1 0,
30 1 0,
31 1 0,
32 1 0,
33 1 0,
34 1 0,
35 1 0,
36 1 0,
37 1 0,
38 1 0,
39 1 0,
40 1 0,
41 1 0,
42 1 0,
43 1 0,
44 1 0,
45 1 0,
46 1 0,
47 1 0,
48 1 0,
49 1 0,
50 1 0,
51 1 0,
52 1 0,
53 1 0,
54 1 0,
55 1 0,
56 1 0,
57 1 0,
58 1 0,
59 1 0,
60 1 0,
61 1 0,
62 1 0,
63 1 0,
64 1 0,
65 1 0,
66 1 0,
67 1 0,
68 1 0,
69 1 0,
70 1 0,
71 1 0,
72 1 0,
73 1 0,
74 1 0,
75 1 0,
76 1 0,
77 1 0,
78 1 0,
79 1 0,
80 1 0,
81 1 0,
82 1 0,
83 1 0,
84 1 0,
85 1 0,
86 1 0,
87 1 0,
88 1 0,
89 1 0,
90 1 0,
91 1 0,
92 1 0,
93 1 0,
94 1 0,
95 1 0,
96 1 0,
97 1 0,
98 1 0,
99 1 0,
100 1 0,
101 1 0,
102 1 0,
103 1 0,
104 1 0,
105 1 0,
106 1 0,
107 1 0,
108 1 0,
109 1 0,
110 1 0,
111 1 0,
112 1 0,
113 1 0,
114 1 0,
115 1 0,
116 1 0,
117 1 0,
118 1 0,
119 1 0,
120 1 0,
121 1 0,
122 1 0,
123 1 0,
124 1 0,
125 1 0,
126 1 0,
127 1 0,
128 1 0,
129 1 0,
130 1 0,
131 1 0,
132 1 0,
133 1 0,
134 1 0,
135 1 0,
136 1 0,
137 1 0,
138 1 0,
139 1 0,
140 1 0,
141 1 0,
142 1 0,
143 1 0,
144 1 0,
145 1 0,
146 1 0,
147 1 0,
148 1 0,
149 1 0,
150 1 0,
151 1 0,
152 1 0,
153 1 0,
154 1 0,
155 1 0,
0 2 0,
1 2 0,
2 2 0,
3 2 0,
4 2 0,
5 2 0,
6 2 0,
7 2 0,
8 2 14,
9 2 0,
10 2 14,
11 2 0,
12 2 0,
13 2 0,
14 2 0,
15 2 0,
16 2 0,
17 2 0,
18 2 0,
19 2 0,
20 2 0,
21 2 0,
22 2 0,
23 2 0,
24 2 0,
25 2 0,
26 2 0,
27 2 0,
28 2 0,
29 2 0,
30 2 0,
31 2 0,
32 2 0,
33 2 0,
34 2 0,
35 2 0,
36 2 0,
37 2 0,
38 2 0,
39 2 0,
40 2 0,
41 2 0,
42 2 0,
43 2 0,
44 2 0,
45 2 0,
46 2 0,
47 2 0,
48 2 0,
49 2 0,
50 2 0,
51 2 0,
52 2 0,
53 2 0,
54 2 0,
55 2 0,
56 2 0,
57 2 0,
58 2 0,
59 2 0,
60 2 0,
61 2 0,
62 2 0,
63 2 0,
64 2 0,
65 2 0,
66 2 0,
67 2 0,
68 2 0,
69 2 0,
70 2 0,
71 2 0,
72 2 0,
73 2 0,
74 2 0,
75 2 0,
76 2 0,
77 2 0,
78 2 0,
79 2 0,
80 2 0,
81 2 0,
82 2 0,
83 2 0,
84 2 0,
85 2 0,
86 2 0,
87 2 0,
88 2 0,
89 2 0,
90 2 0,
91 2 0,
92 2 0,
93 2 0,
94 2 0,
95 2 0,
96 2 0,
97 2 0,
98 2 0,
99 2 0,
100 2 0,
101 2 0,
102 2 0,
103 2 8,
104 2 8,
105 2 8,
106 2 8,
107 2 8,
108 2 8,
109 2 8,
110 2 8,
111 2 8,
112 2 8,
113 2 8,
114 2 0,
115 2 0,
116 2 5,
117 2 5,
118 2 5,
119 2 5,
120 2 0,
121 2 0,
122 2 0,
123 2 0,
124 2 0,
125 2 0,
126 2 0,
127 2 0,
128 2 0,
129 2 0,
130 2 0,
131 2 0,
132 2 0,
133 2 0,
134 2 0,
135 2 0,
136 2 0,
137 2 0,
138 2 0,
139 2 0,
140 2 0,
141 2 0,
142 2 0,
143 2 0,
144 2 0,
145 2 0,
146 2 0,
147 2 0,
148 2 0,
149 2 0,
150 2 0,
151 2 0,
152 2 0,
153 2 0,
154 2 0,
155 2 0,
0 3 0,
1 3 6,
2 3 6,
3 3 6,
4 3 6,
5 3 6,
6 3 6,
7 3 6,
8 3 14,
9 3 6,
10 3 14,
11 3 6,
12 3 6,
13 3 6,
14 3 6,
15 3 6,
16 3 6,
17 3 6,
18 3 6,
19 3 6,
20 3 6,
21 3 6,
22 3 6,
23 3 6,
24 3 6,
25 3 6,
26 3 6,
27 3 6,
28 3 6,
29 3 6,
30 3 6,
31 3 6,
32 3 6,
33 3 6,
34 3 6,
35 3 6,
36 3 6,
37 3 6,
38 3 6,
39 3 6,
40 3 6,
41 3 6,
42 3 6,
43 3 6,
44 3 6,
45 3 6,
46 3 6,
47 3 6,
48 3 6,
49 3 6,
50 3 6,
51 3 6,
52 3 6,
53 3 6,
54 3 6,
55 3 6,
56 3 6,
57 3 6,
58 3 6,
59 3 6,
60 3 6,
61 3 6,
62 3 6,
63 3 6,
64 3 6,
65 3 6,
66 3 6,
67 3 6,
68 3 6,
69 3 6,
70 3 6,
71 3 6,
72 3 6,
73 3 6,
74 3 6,
75 3 6,
76 3 6,
77 3 6,
78 3 6,
79 3 6,
80 3 6,
81 3 6,
82 3 6,
83 3 6,
84 3 6,
85 3 6,
86 3 6,
87 3 6,
88 3 6,
89 3 6,
90 3 6,
91 3 6,
92 3 6,
93 3 6,
94 3 6,
95 3 6,
96 3 6,
97 3 6,
98 3 6,
99 3 6,
100 3 6,
101 3 6,
102 3 6,
103 3 8,
104 3 8,
105 3 9,
106 3 9,
107 3 9,
108 3 9,
109 3 9,
110 3 9,
111 3 9,
112 3 8,
113 3 8,
114 3 6,
115 3 6,
116 3 5,
117 3 5,
118 3 5,
119 3 5,
120 3 6,
121 3 6,
122 3 6,
123 3 6,
124 3 6,
125 3 6,
126 3 6,
127 3 6,
128 3 6,
129 3 6,
130 3 6,
131 3 0,
132 3 0,
133 3 0,
134 3 0,
135 3 0,
136 3 0,
137 3 0,
138 3 0,
139 3 0,
140 3 0,
141 3 0,
142 3 0,
143 3 0,
144 3 0,
145 3 0,
146 3 0,
147 3 0,
148 3 0,
149 3 0,
150 3 0,
151 3 0,
152 3 0,
153 3 0,
154 3 0,
155 3 0,
0 4 0,
1 4 6,
2 4 6,
3 4 6,
4 4 6,
5 4 6,
6 4 6,
7 4 6,
8 4 14,
9 4 6,
10 4 14,
11 4 6,
12 4 6,
13 4 6,
14 4 6,
15 4 6,
16 4 6,
17 4 6,
18 4 6,
19 4 6,
20 4 6,
21 4 6,
22 4 6,
23 4 6,
24 4 6,
25 4 6,
26 4 6,
27 4 6,
28 4 6,
29 4 6,
30 4 6,
31 4 6,
32 4 6,
33 4 6,
34 4 6,
35 4 6,
36 4 6,
37 4 6,
38 4 6,
39 4 6,
40 4 6,
41 4 6,
42 4 6,
43 4 6,
44 4 6,
45 4 6,
46 4 6,
47 4 6,
48 4 6,
49 4 6,
50 4 6,
51 4 6,
52 4 6,
53 4 6,
54 4 6,
55 4 6,
56 4 6,
57 4 6,
58 4 6,
59 4 6,
60 4 6,
61 4 6,
62 4 6,
63 4 6,
64 4 6,
65 4 6,
66 4 6,
67 4 6,
68 4 6,
69 4 6,
70 4 6,
71 4 6,
72 4 6,
73 4 6,
74 4 6,
75 4 6,
76 4 6,
77 4 6,
78 4 6,
79 4 6,
80 4 6,
81 4 6,
82 4 6,
83 4 6,
84 4 6,
85 4 6,
86 4 6,
87 4 6,
88 4 6,
89 4 6,
90 4 6,
91 4 6,
92 4 6,
93 4 6,
94 4 6,
95 4 6,
96 4 6,
97 4 6,
98 4 6,
99 4 6,
100 4 6,
101 4 6,
102 4 6,
103 4 8,
104 4 8,
105 4 9,
106 4 9,
107 4 9,
108 4 9,
109 4 9,
110 4 9,
111 4 9,
112 4 8,
113 4 8,
114 4 6,
115 4 6,
116 4 5,
117 4 5,
118 4 5,
119 4 5,
120 4 6,
121 4 6,
122 4 6,
123 4 6,
124 4 6,
125 4 6,
126 4 6,
127 4 6,
128 4 6,
129 4 6,
130 4 6,
131 4 0,
132 4 0,
133 4 0,
134 4 0,
135 4 0,
136 4 0,
137 4 0,
138 4 0,
139 4 0,
140 4 0,
141 4 0,
142 4 0,
143 4 0,
144 4 0,
145 4 0,
146 4 0,
147 4 0,
148 4 0,
149 4 0,
150 4 0,
151 4 0,
152 4 0,
153 4 0,
154 4 0,
155 4 0,
0 5 0,
1 5 6,
2 5 6,
3 5 8,
4 5 8,
5 5 8,
6 5 8,
7 5 0,
8 5 14,
9 5 0,
10 5 14,
11 5 0,
12 5 8,
13 5 8,
14 5 8,
15 5 8,
16 5 8,
17 5 8,
18 5 8,
19 5 6,
20 5 6,
21 5 6,
22 5 6,
23 5 6,
24 5 6,
25 5 6,
26 5 6,
27 5 6,
28 5 6,
29 5 6,
30 5 6,
31 5 6,
32 5 6,
33 5 6,
34 5 6,
35 5 6,
36 5 6,
37 5 6,
38 5 6,
39 5 6,
40 5 6,
41 5 6,
42 5 6,
43 5 6,
44 5 6,
45 5 6,
46 5 6,
47 5 6,
48 5 6,
49 5 6,
50 5 6,
51 5 6,
52 5 6,
53 5 6,
54 5 6,
55 5 6,
56 5 6,
57 5 6,
58 5 6,
59 5 6,
60 5 6,
61 5 6,
62 5 6,
63 5 6,
64 5 6,
65 5 6,
66 5 6,
67 5 6,
68 5 6,
69 5 6,
70 5 6,
71 5 6,
72 5 6,
73 5 6,
74 5 6,
75 5 6,
76 5 6,
77 5 6,
78 5 6,
79 5 6,
80 5 6,
81 5 6,
82 5 6,
83 5 6,
84 5 6,
85 5 6,
86 5 6,
87 5 6,
88 5 6,
89 5 6,
90 5 6,
91 5 6,
92 5 6,
93 5 6,
94 5 6,
95 5 6,
96 5 6,
97 5 6,
98 5 6,
99 5 6,
100 5 6,
101 5 6,
102 5 6,
103 5 8,
104 5 8,
105 5 9,
106 5 9,
107 5 9,
108 5 9,
109 5 9,
110 5 9,
111 5 9,
112 5 8,
113 5 8,
114 5 6,
115 5 6,
116 5 5,
117 5 5,
118 5 5,
119 5 5,
120 5 6,
121 5 6,
122 5 6,
123 5 6,
124 5 6,
125 5 6,
126 5 6,
127 5 6,
128 5 6,
129 5 6,
130 5 6,
131 5 0,
132 5 0,
133 5 0,
134 5 0,
135 5 0,
136 5 0,
137 5 0,
138 5 0,
139 5 0,
140 5 0,
141 5 0,
142 5 0,
143 5 0,
144 5 0,
145 5 0,
146 5 0,
147 5 0,
148 5 0,
149 5 0,
150 5 0,
151 5 0,
152 5 0,
153 5 0,
154 5 0,
155 5 0,
0 6 0,
1 6 6,
2 6 6,
3 6 8,
4 6 8,
5 6 8,
6 6 8,
7 6 0,
8 6 14,
9 6 0,
10 6 14,
11 6 0,
12 6 8,
13 6 8,
14 6 14,
15 6 14,
16 6 14,
17 6 8,
18 6 8,
19 6 6,
20 6 6,
21 6 6,
22 6 6,
23 6 6,
24 6 6,
25 6 6,
26 6 6,
27 6 6,
28 6 6,
29 6 6,
30 6 6,
31 6 6,
32 6 6,
33 6 6,
34 6 6,
35 6 6,
36 6 6,
37 6 6,
38 6 6,
39 6 6,
40 6 6,
41 6 6,
42 6 6,
43 6 6,
44 6 6,
45 6 6,
46 6 6,
47 6 6,
48 6 6,
49 6 6,
50 6 6,
51 6 6,
52 6 6,
53 6 6,
54 6 6,
55 6 6,
56 6 6,
57 6 6,
58 6 6,
59 6 6,
60 6 6,
61 6 6,
62 6 6,
63 6 6,
64 6 6,
65 6 6,
66 6 6,
67 6 6,
68 6 6,
69 6 6,
70 6 6,
71 6 6,
72 6 6,
73 6 6,
74 6 6,
75 6 6,
76 6 6,
77 6 6,
78 6 6,
79 6 6,
80 6 6,
81 6 6,
82 6 6,
83 6 6,
84 6 6,
85 6 6,
86 6 6,
87 6 6,
88 6 6,
89 6 6,
90 6 6,
91 6 6,
92 6 6,
93 6 6,
94 6 6,
95 6 6,
96 6 6,
97 6 6,
98 6 6,
99 6 6,
100 6 6,
101 6 6,
102 6 6,
103 6 8,
104 6 8,
105 6 9,
106 6 9,
107 6 9,
108 6 9,
109 6 9,
110 6 9,
111 6 9,
112 6 8,
113 6 8,
114 6 10,
115 6 10,
116 6 5,
117 6 5,
118 6 5,
119 6 5,
120 6 6,
121 6 6,
122 6 6,
123 6 6,
124 6 6,
125 6 6,
126 6 6,
127 6 6,
128 6 6,
129 6 6,
130 6 6,
131 6 0,
132 6 0,
133 6 0,
134 6 0,
135 6 0,
136 6 0,
137 6 0,
138 6 0,
139 6 0,
140 6 0,
141 6 0,
142 6 0,
143 6 0,
144 6 0,
145 6 0,
146 6 0,
147 6 0,
148 6 0,
149 6 0,
150 6 0,
151 6 0,
152 6 0,
153 6 0,
154 6 0,
155 6 0,
0 7 0,
1 7 6,
2 7 6,
3 7 8,
4 7 8,
5 7 8,
6 7 8,
7 7 0,
8 7 14,
9 7 0,
10 7 14,
11 7 0,
12 7 8,
13 7 8,
14 7 14,
15 7 14,
16 7 14,
17 7 8,
18 7 8,
19 7 6,
20 7 6,
21 7 6,
22 7 6,
23 7 6,
24 7 6,
25 7 6,
26 7 6,
27 7 6,
28 7 6,
29 7 6,
30 7 6,
31 7 6,
32 7 6,
33 7 6,
34 7 6,
35 7 6,
36 7 6,
37 7 6,
38 7 6,
39 7 6,
40 7 6,
41 7 6,
42 7 6,
43 7 6,
44 7 6,
45 7 6,
46 7 6,
47 7 8,
48 7 8,
49 7 8,
50 7 8,
51 7 8,
52 7 8,
53 7 8,
54 7 8,
55 7 6,
56 7 6,
57 7 6,
58 7 6,
59 7 6,
60 7 6,
61 7 6,
62 7 6,
63 7 8,
64 7 8,
65 7 8,
66 7 8,
67 7 8,
68 7 8,
69 7 8,
70 7 8,
71 7 6,
72 7 6,
73 7 6,
74 7 6,
75 7 6,
76 7 6,
77 7 6,
78 7 6,
79 7 6,
80 7 6,
81 7 6,
82 7 8,
83 7 8,
84 7 8,
85 7 8,
86 7 8,
87 7 8,
88 7 8,
89 7 8,
90 7 6,
91 7 6,
92 7 6,
93 7 6,
94 7 6,
95 7 6,
96 7 6,
97 7 6,
98 7 6,
99 7 6,
100 7 6,
101 7 6,
102 7 6,
103 7 8,
104 7 8,
105 7 9,
106 7 9,
107 7 9,
108 7 9,
109 7 9,
110 7 9,
111 7 9,
112 7 8,
113 7 8,
114 7 6,
115 7 6,
116 7 5,
117 7 5,
118 7 5,
119 7 5,
120 7 6,
121 7 6,
122 7 6,
123 7 6,
124 7 6,
125 7 6,
126 7 6,
127 7 6,
128 7 6,
129 7 6,
130 7 6,
131 7 0,
132 7 0,
133 7 0,
134 7 0,
135 7 0,
136 7 0,
137 7 0,
138 7 0,
139 7 0,
140 7 0,
141 7 0,
142 7 0,
143 7 0,
144 7 0,
145 7 0,
146 7 0,
147 7 0,
148 7 0,
149 7 0,
150 7 0,
151 7 0,
152 7 0,
153 7 0,
154 7 0,
155 7 0,
0 8 0,
1 8 6,
2 8 6,
3 8 8,
4 8 8,
5 8 8,
6 8 8,
7 8 0,
8 8 14,
9 8 0,
10 8 14,
11 8 0,
12 8 8,
13 8 8,
14 8 14,
15 8 14,
16 8 14,
17 8 8,
18 8 8,
19 8 6,
20 8 6,
21 8 6,
22 8 6,
23 8 6,
24 8 6,
25 8 6,
26 8 6,
27 8 6,
28 8 6,
29 8 6,
30 8 6,
31 8 6,
32 8 6,
33 8 6,
34 8 6,
35 8 6,
36 8 6,
37 8 6,
38 8 6,
39 8 6,
40 8 6,
41 8 6,
42 8 6,
43 8 6,
44 8 6,
45 8 6,
46 8 6,
47 8 8,
48 8 8,
49 8 1,
50 8 1,
51 8 1,
52 8 1,
53 8 8,
54 8 8,
55 8 6,
56 8 6,
57 8 6,
58 8 6,
59 8 6,
60 8 6,
61 8 6,
62 8 6,
63 8 8,
64 8 8,
65 8 0,
66 8 0,
67 8 0,
68 8 0,
69 8 8,
70 8 8,
71 8 6,
72 8 6,
73 8 6,
74 8 6,
75 8 6,
76 8 6,
77 8 6,
78 8 6,
79 8 6,
80 8 6,
81 8 6,
82 8 8,
83 8 8,
84 8 0,
85 8 0,
86 8 0,
87 8 0,
88 8 8,
89 8 8,
90 8 6,
91 8 6,
92 8 6,
93 8 6,
94 8 6,
95 8 6,
96 8 6,
97 8 6,
98 8 6,
99 8 6,
100 8 6,
101 8 6,
102 8 6,
103 8 8,
104 8 8,
105 8 9,
106 8 9,
107 8 9,
108 8 9,
109 8 9,
110 8 9,
111 8 9,
112 8 8,
113 8 8,
114 8 6,
115 8 6,
116 8 5,
117 8 5,
118 8 5,
119 8 5,
120 8 6,
121 8 6,
122 8 6,
123 8 6,
124 8 6,
125 8 6,
126 8 6,
127 8 6,
128 8 6,
129 8 6,
130 8 6,
131 8 0,
132 8 0,
133 8 0,
134 8 0,
135 8 0,
136 8 0,
137 8 0,
138 8 0,
139 8 0,
140 8 0,
141 8 0,
142 8 0,
143 8 0,
144 8 0,
145 8 0,
146 8 0,
147 8 0,
148 8 0,
149 8 0,
150 8 0,
151 8 0,
152 8 0,
153 8 0,
154 8 0,
155 8 0,
0 9 0,
1 9 6,
2 9 6,
3 9 8,
4 9 8,
5 9 8,
6 9 8,
7 9 0,
8 9 14,
9 9 0,
10 9 14,
11 9 0,
12 9 8,
13 9 8,
14 9 14,
15 9 14,
16 9 14,
17 9 8,
18 9 8,
19 9 6,
20 9 6,
21 9 6,
22 9 6,
23 9 6,
24 9 6,
25 9 6,
26 9 6,
27 9 6,
28 9 6,
29 9 6,
30 9 6,
31 9 6,
32 9 6,
33 9 6,
34 9 6,
35 9 6,
36 9 6,
37 9 6,
38 9 6,
39 9 6,
40 9 6,
41 9 6,
42 9 6,
43 9 6,
44 9 6,
45 9 6,
46 9 6,
47 9 8,
48 9 8,
49 9 1,
50 9 1,
51 9 1,
52 9 1,
53 9 8,
54 9 8,
55 9 6,
56 9 6,
57 9 6,
58 9 6,
59 9 6,
60 9 6,
61 9 6,
62 9 6,
63 9 8,
64 9 8,
65 9 0,
66 9 0,
67 9 0,
68 9 0,
69 9 8,
70 9 8,
71 9 6,
72 9 6,
73 9 6,
74 9 6,
75 9 6,
76 9 6,
77 9 6,
78 9 6,
79 9 6,
80 9 6,
81 9 6,
82 9 8,
83 9 8,
84 9 0,
85 9 0,
86 9 0,
87 9 0,
88 9 8,
89 9 8,
90 9 6,
91 9 6,
92 9 6,
93 9 6,
94 9 6,
95 9 6,
96 9 6,
97 9 6,
98 9 6,
99 9 6,
100 9 6,
101 9 6,
102 9 6,
103 9 8,
104 9 8,
105 9 9,
106 9 9,
107 9 9,
108 9 9,
109 9 9,
110 9 9,
111 9 9,
112 9 8,
113 9 8,
114 9 6,
115 9 6,
116 9 5,
117 9 5,
118 9 5,
119 9 5,
120 9 6,
121 9 6,
122 9 6,
123 9 6,
124 9 6,
125 9 6,
126 9 6,
127 9 6,
128 9 6,
129 9 6,
130 9 6,
131 9 6,
132 9 6,
133 9 6,
134 9 6,
135 9 6,
136 9 6,
137 9 6,
138 9 6,
139 9 6,
140 9 6,
141 9 6,
142 9 6,
143 9 6,
144 9 6,
145 9 6,
146 9 6,
147 9 6,
148 9 6,
149 9 6,
150 9 6,
151 9 0,
152 9 0,
153 9 0,
154 9 0,
155 9 0,
0 10 0,
1 10 6,
2 10 6,
3 10 8,
4 10 8,
5 10 8,
6 10 8,
7 10 0,
8 10 14,
9 10 0,
10 10 14,
11 10 0,
12 10 8,
13 10 8,
14 10 14,
15 10 14,
16 10 14,
17 10 8,
18 10 8,
19 10 6,
20 10 6,
21 10 6,
22 10 6,
23 10 6,
24 10 6,
25 10 6,
26 10 6,
27 10 6,
28 10 6,
29 10 6,
30 10 6,
31 10 6,
32 10 6,
33 10 6,
34 10 6,
35 10 6,
36 10 6,
37 10 6,
38 10 6,
39 10 6,
40 10 6,
41 10 6,
42 10 6,
43 10 6,
44 10 6,
45 10 6,
46 10 6,
47 10 8,
48 10 8,
49 10 8,
50 10 8,
51 10 8,
52 10 8,
53 10 8,
54 10 8,
55 10 6,
56 10 6,
57 10 6,
58 10 6,
59 10 6,
60 10 6,
61 10 6,
62 10 6,
63 10 8,
64 10 8,
65 10 8,
66 10 8,
67 10 8,
68 10 8,
69 10 8,
70 10 8,
71 10 6,
72 10 6,
73 10 6,
74 10 6,
75 10 6,
76 10 6,
77 10 6,
78 10 6,
79 10 6,
80 10 6,
81 10 6,
82 10 8,
83 10 8,
84 10 8,
85 10 8,
86 10 8,
87 10 8,
88 10 8,
89 10 8,
90 10 6,
91 10 6,
92 10 6,
93 10 6,
94 10 6,
95 10 6,
96 10 6,
97 10 6,
98 10 6,
99 10 6,
100 10 6,
101 10 6,
102 10 6,
103 10 8,
104 10 8,
105 10 8,
106 10 8,
107 10 8,
108 10 8,
109 10 8,
110 10 8,
111 10 8,
112 10 8,
113 10 8,
114 10 6,
115 10 6,
116 10 5,
117 10 5,
118 10 5,
119 10 5,
120 10 6,
121 10 6,
122 10 6,
123 10 6,
124 10 6,
125 10 6,
126 10 8,
127 10 8,
128 10 8,
129 10 8,
130 10 8,
131 10 8,
132 10 8,
133 10 8,
134 10 8,
135 10 8,
136 10 8,
137 10 8,
138 10 8,
139 10 8,
140 10 8,
141 10 8,
142 10 8,
143 10 6,
144 10 6,
145 10 6,
146 10 6,
147 10 6,
148 10 6,
149 10 6,
150 10 6,
151 10 0,
152 10 0,
153 10 0,
154 10 0,
155 10 0,
0 11 0,
1 11 6,
2 11 6,
3 11 8,
4 11 8,
5 11 8,
6 11 8,
7 11 0,
8 11 14,
9 11 0,
10 11 14,
11 11 0,
12 11 8,
13 11 8,
14 11 14,
15 11 14,
16 11 14,
17 11 8,
18 11 8,
19 11 6,
20 11 6,
21 11 6,
22 11 6,
23 11 6,
24 11 6,
25 11 6,
26 11 6,
27 11 6,
28 11 6,
29 11 6,
30 11 6,
31 11 6,
32 11 6,
33 11 6,
34 11 6,
35 11 6,
36 11 6,
37 11 6,
38 11 6,
39 11 6,
40 11 6,
41 11 6,
42 11 6,
43 11 6,
44 11 6,
45 11 6,
46 11 6,
47 11 6,
48 11 6,
49 11 6,
50 11 10,
51 11 10,
52 11 6,
53 11 6,
54 11 6,
55 11 6,
56 11 6,
57 11 6,
58 11 6,
59 11 6,
60 11 6,
61 11 6,
62 11 6,
63 11 6,
64 11 6,
65 11 6,
66 11 10,
67 11 10,
68 11 6,
69 11 6,
70 11 6,
71 11 6,
72 11 6,
73 11 6,
74 11 6,
75 11 6,
76 11 6,
77 11 6,
78 11 6,
79 11 6,
80 11 6,
81 11 6,
82 11 6,
83 11 6,
84 11 6,
85 11 10,
86 11 10,
87 11 6,
88 11 6,
89 11 6,
90 11 6,
91 11 6,
92 11 6,
93 11 6,
94 11 6,
95 11 6,
96 11 6,
97 11 6,
98 11 6,
99 11 6,
100 11 6,
101 11 6,
102 11 6,
103 11 6,
104 11 6,
105 11 6,
106 11 6,
107 11 6,
108 11 6,
109 11 6,
110 11 6,
111 11 6,
112 11 6,
113 11 6,
114 11 6,
115 11 6,
116 11 5,
117 11 5,
118 11 5,
119 11 5,
120 11 6,
121 11 6,
122 11 6,
123 11 6,
124 11 6,
125 11 6,
126 11 8,
127 11 8,
128 11 9,
129 11 9,
130 11 9,
131 11 9,
132 11 9,
133 11 9,
134 11 9,
135 11 9,
136 11 9,
137 11 9,
138 11 9,
139 11 9,
140 11 9,
141 11 8,
142 11 8,
143 11 6,
144 11 6,
145 11 6,
146 11 6,
147 11 6,
148 11 6,
149 11 6,
150 11 6,
151 11 0,
152 11 0,
153 11 0,
154 11 0,
155 11 0,
0 12 0,
1 12 6,
2 12 6,
3 12 8,
4 12 8,
5 12 8,
6 12 8,
7 12 0,
8 12 14,
9 12 0,
10 12 14,
11 12 0,
12 12 8,
13 12 8,
14 12 14,
15 12 14,
16 12 14,
17 12 8,
18 12 8,
19 12 10,
20 12 10,
21 12 5,
22 12 5,
23 12 5,
24 12 5,
25 12 5,
26 12 5,
27 12 5,
28 12 5,
29 12 5,
30 12 5,
31 12 5,
32 12 5,
33 12 5,
34 12 5,
35 12 5,
36 12 5,
37 12 5,
38 12 5,
39 12 5,
40 12 5,
41 12 5,
42 12 5,
43 12 5,
44 12 5,
45 12 5,
46 12 5,
47 12 5,
48 12 5,
49 12 5,
50 12 5,
51 12 5,
52 12 5,
53 12 5,
54 12 5,
55 12 5,
56 12 5,
57 12 5,
58 12 5,
59 12 5,
60 12 5,
61 12 5,
62 12 5,
63 12 5,
64 12 5,
65 12 5,
66 12 5,
67 12 5,
68 12 5,
69 12 5,
70 12 5,
71 12 5,
72 12 5,
73 12 5,
74 12 5,
75 12 5,
76 12 5,
77 12 5,
78 12 5,
79 12 5,
80 12 5,
81 12 5,
82 12 5,
83 12 5,
84 12 5,
85 12 5,
86 12 5,
87 12 5,
88 12 5,
89 12 5,
90 12 5,
91 12 5,
92 12 5,
93 12 5,
94 12 5,
95 12 5,
96 12 5,
97 12 5,
98 12 5,
99 12 5,
100 12 5,
101 12 5,
102 12 5,
103 12 5,
104 12 5,
105 12 5,
106 12 5,
107 12 5,
108 12 5,
109 12 5,
110 12 5,
111 12 5,
112 12 5,
113 12 5,
114 12 5,
115 12 5,
116 12 5,
117 12 5,
118 12 5,
119 12 5,
120 12 6,
121 12 6,
122 12 6,
123 12 6,
124 12 6,
125 12 6,
126 12 8,
127 12 8,
128 12 9,
129 12 9,
130 12 9,
131 12 9,
132 12 9,
133 12 9,
134 12 9,
135 12 9,
136 12 9,
137 12 9,
138 12 9,
139 12 9,
140 12 9,
141 12 8,
142 12 8,
143 12 6,
144 12 6,
145 12 6,
146 12 6,
147 12 6,
148 12 6,
149 12 6,
150 12 6,
151 12 0,
152 12 0,
153 12 0,
154 12 0,
155 12 0,
0 13 0,
1 13 6,
2 13 6,
3 13 8,
4 13 8,
5 13 8,
6 13 8,
7 13 0,
8 13 14,
9 13 0,
10 13 14,
11 13 0,
12 13 8,
13 13 8,
14 13 14,
15 13 14,
16 13 14,
17 13 8,
18 13 8,
19 13 6,
20 13 6,
21 13 5,
22 13 5,
23 13 5,
24 13 5,
25 13 5,
26 13 5,
27 13 5,
28 13 5,
29 13 5,
30 13 5,
31 13 5,
32 13 5,
33 13 5,
34 13 5,
35 13 5,
36 13 5,
37 13 5,
38 13 5,
39 13 5,
40 13 5,
41 13 5,
42 13 5,
43 13 5,
44 13 5,
45 13 5,
46 13 5,
47 13 5,
48 13 5,
49 13 5,
50 13 5,
51 13 5,
52 13 5,
53 13 5,
54 13 5,
55 13 5,
56 13 5,
57 13 5,
58 13 5,
59 13 5,
60 13 5,
61 13 5,
62 13 5,
63 13 5,
64 13 5,
65 13 5,
66 13 5,
67 13 5,
68 13 5,
69 13 5,
70 13 5,
71 13 5,
72 13 5,
73 13 5,
74 13 5,
75 13 5,
76 13 5,
77 13 5,
78 13 5,
79 13 5,
80 13 5,
81 13 5,
82 13 5,
83 13 5,
84 13 5,
85 13 5,
86 13 5,
87 13 5,
88 13 5,
89 13 5,
90 13 5,
91 13 5,
92 13 5,
93 13 5,
94 13 5,
95 13 5,
96 13 5,
97 13 5,
98 13 5,
99 13 5,
100 13 5,
101 13 5,
102 13 5,
103 13 5,
104 13 5,
105 13 5,
106 13 5,
107 13 5,
108 13 5,
109 13 5,
110 13 5,
111 13 5,
112 13 5,
113 13 5,
114 13 5,
115 13 5,
116 13 5,
117 13 5,
118 13 5,
119 13 5,
120 13 6,
121 13 6,
122 13 6,
123 13 6,
124 13 6,
125 13 6,
126 13 8,
127 13 8,
128 13 8,
129 13 8,
130 13 8,
131 13 8,
132 13 8,
133 13 8,
134 13 8,
135 13 8,
136 13 8,
137 13 8,
138 13 8,
139 13 8,
140 13 8,
141 13 8,
142 13 8,
143 13 6,
144 13 6,
145 13 6,
146 13 6,
147 13 6,
148 13 6,
149 13 6,
150 13 6,
151 13 0,
152 13 0,
153 13 0,
154 13 0,
155 13 0,
0 14 0,
1 14 6,
2 14 6,
3 14 8,
4 14 8,
5 14 8,
6 14 8,
7 14 0,
8 14 14,
9 14 0,
10 14 14,
11 14 0,
12 14 8,
13 14 8,
14 14 14,
15 14 14,
16 14 14,
17 14 8,
18 14 8,
19 14 6,
20 14 6,
21 14 6,
22 14 6,
23 14 6,
24 14 6,
25 14 6,
26 14 6,
27 14 6,
28 14 6,
29 14 6,
30 14 6,
31 14 6,
32 14 6,
33 14 6,
34 14 10,
35 14 10,
36 14 6,
37 14 6,
38 14 6,
39 14 6,
40 14 6,
41 14 6,
42 14 6,
43 14 6,
44 14 6,
45 14 6,
46 14 6,
47 14 6,
48 14 6,
49 14 6,
50 14 6,
51 14 6,
52 14 6,
53 14 6,
54 14 6,
55 14 6,
56 14 6,
57 14 6,
58 14 6,
59 14 6,
60 14 6,
61 14 6,
62 14 6,
63 14 8,
64 14 8,
65 14 8,
66 14 8,
67 14 8,
68 14 10,
69 14 10,
70 14 5,
71 14 5,
72 14 5,
73 14 5,
74 14 6,
75 14 6,
76 14 6,
77 14 6,
78 14 6,
79 14 6,
80 14 6,
81 14 6,
82 14 6,
83 14 6,
84 14 6,
85 14 6,
86 14 6,
87 14 6,
88 14 6,
89 14 6,
90 14 6,
91 14 6,
92 14 6,
93 14 6,
94 14 6,
95 14 6,
96 14 6,
97 14 6,
98 14 6,
99 14 10,
100 14 10,
101 14 6,
102 14 6,
103 14 6,
104 14 6,
105 14 6,
106 14 6,
107 14 6,
108 14 6,
109 14 6,
110 14 6,
111 14 6,
112 14 6,
113 14 6,
114 14 6,
115 14 6,
116 14 5,
117 14 5,
118 14 5,
119 14 5,
120 14 6,
121 14 6,
122 14 6,
123 14 6,
124 14 6,
125 14 6,
126 14 6,
127 14 6,
128 14 6,
129 14 10,
130 14 10,
131 14 6,
132 14 6,
133 14 6,
134 14 6,
135 14 6,
136 14 6,
137 14 6,
138 14 6,
139 14 6,
140 14 6,
141 14 6,
142 14 6,
143 14 6,
144 14 6,
145 14 6,
146 14 6,
147 14 6,
148 14 6,
149 14 6,
150 14 6,
151 14 0,
152 14 0,
153 14 0,
154 14 0,
155 14 0,
0 15 0,
1 15 6,
2 15 6,
3 15 8,
4 15 8,
5 15 8,
6 15 8,
7 15 0,
8 15 14,
9 15 0,
10 15 14,
11 15 0,
12 15 8,
13 15 8,
14 15 14,
15 15 14,
16 15 14,
17 15 8,
18 15 8,
19 15 6,
20 15 6,
21 15 6,
22 15 6,
23 15 6,
24 15 6,
25 15 6,
26 15 6,
27 15 6,
28 15 6,
29 15 8,
30 15 8,
31 15 8,
32 15 8,
33 15 8,
34 15 8,
35 15 8,
36 15 8,
37 15 8,
38 15 8,
39 15 8,
40 15 8,
41 15 8,
42 15 6,
43 15 6,
44 15 6,
45 15 6,
46 15 6,
47 15 6,
48 15 6,
49 15 6,
50 15 6,
51 15 6,
52 15 6,
53 15 6,
54 15 6,
55 15 6,
56 15 6,
57 15 6,
58 15 6,
59 15 6,
60 15 6,
61 15 6,
62 15 6,
63 15 8,
64 15 8,
65 15 15,
66 15 15,
67 15 15,
68 15 8,
69 15 8,
70 15 5,
71 15 5,
72 15 5,
73 15 5,
74 15 6,
75 15 6,
76 15 6,
77 15 6,
78 15 6,
79 15 6,
80 15 6,
81 15 6,
82 15 6,
83 15 6,
84 15 6,
85 15 6,
86 15 6,
87 15 8,
88 15 8,
89 15 8,
90 15 8,
91 15 8,
92 15 8,
93 15 8,
94 15 8,
95 15 8,
96 15 8,
97 15 8,
98 15 8,
99 15 8,
100 15 8,
101 15 8,
102 15 8,
103 15 8,
104 15 8,
105 15 8,
106 15 8,
107 15 8,
108 15 8,
109 15 8,
110 15 8,
111 15 6,
112 15 6,
113 15 6,
114 15 6,
115 15 6,
116 15 5,
117 15 5,
118 15 5,
119 15 5,
120 15 5,
121 15 5,
122 15 5,
123 15 5,
124 15 5,
125 15 5,
126 15 5,
127 15 5,
128 15 5,
129 15 5,
130 15 5,
131 15 5,
132 15 5,
133 15 5,
134 15 5,
135 15 5,
136 15 5,
137 15 5,
138 15 5,
139 15 5,
140 15 5,
141 15 5,
142 15 5,
143 15 5,
144 15 5,
145 15 5,
146 15 5,
147 15 5,
148 15 5,
149 15 5,
150 15 5,
151 15 0,
152 15 0,
153 15 0,
154 15 0,
155 15 0,
0 16 0,
1 16 6,
2 16 6,
3 16 8,
4 16 8,
5 16 8,
6 16 8,
7 16 0,
8 16 14,
9 16 0,
10 16 14,
11 16 0,
12 16 8,
13 16 8,
14 16 14,
15 16 14,
16 16 14,
17 16 8,
18 16 8,
19 16 6,
20 16 6,
21 16 6,
22 16 6,
23 16 6,
24 16 6,
25 16 6,
26 16 6,
27 16 6,
28 16 6,
29 16 8,
30 16 8,
31 16 0,
32 16 0,
33 16 0,
34 16 0,
35 16 0,
36 16 0,
37 16 0,
38 16 0,
39 16 0,
40 16 8,
41 16 8,
42 16 6,
43 16 6,
44 16 6,
45 16 6,
46 16 6,
47 16 6,
48 16 6,
49 16 6,
50 16 6,
51 16 6,
52 16 6,
53 16 6,
54 16 6,
55 16 6,
56 16 6,
57 16 6,
58 16 6,
59 16 6,
60 16 6,
61 16 6,
62 16 6,
63 16 8,
64 16 8,
65 16 15,
66 16 15,
67 16 15,
68 16 8,
69 16 8,
70 16 5,
71 16 5,
72 16 5,
73 16 5,
74 16 6,
75 16 6,
76 16 6,
77 16 6,
78 16 6,
79 16 6,
80 16 6,
81 16 6,
82 16 6,
83 16 6,
84 16 6,
85 16 6,
86 16 6,
87 16 8,
88 16 8,
89 16 13,
90 16 13,
91 16 13,
92 16 13,
93 16 13,
94 16 13,
95 16 13,
96 16 13,
97 16 13,
98 16 13,
99 16 13,
100 16 13,
101 16 13,
102 16 13,
103 16 13,
104 16 13,
105 16 13,
106 16 13,
107 16 13,
108 16 13,
109 16 8,
110 16 8,
111 16 6,
112 16 6,
113 16 6,
114 16 6,
115 16 6,
116 16 5,
117 16 5,
118 16 5,
119 16 5,
120 16 5,
121 16 5,
122 16 5,
123 16 5,
124 16 5,
125 16 5,
126 16 5,
127 16 5,
128 16 5,
129 16 5,
130 16 5,
131 16 5,
132 16 5,
133 16 5,
134 16 5,
135 16 5,
136 16 5,
137 16 5,
138 16 5,
139 16 5,
140 16 5,
141 16 5,
142 16 5,
143 16 5,
144 16 5,
145 16 5,
146 16 5,
147 16 5,
148 16 5,
149 16 5,
150 16 5,
151 16 0,
152 16 0,
153 16 0,
154 16 0,
155 16 0,
0 17 0,
1 17 6,
2 17 6,
3 17 8,
4 17 8,
5 17 8,
6 17 8,
7 17 0,
8 17 14,
9 17 0,
10 17 14,
11 17 0,
12 17 8,
13 17 8,
14 17 14,
15 17 14,
16 17 14,
17 17 8,
18 17 8,
19 17 6,
20 17 6,
21 17 6,
22 17 6,
23 17 6,
24 17 6,
25 17 6,
26 17 6,
27 17 6,
28 17 6,
29 17 8,
30 17 8,
31 17 0,
32 17 0,
33 17 0,
34 17 0,
35 17 0,
36 17 0,
37 17 0,
38 17 0,
39 17 0,
40 17 8,
41 17 8,
42 17 6,
43 17 6,
44 17 6,
45 17 6,
46 17 6,
47 17 6,
48 17 6,
49 17 6,
50 17 6,
51 17 6,
52 17 6,
53 17 6,
54 17 6,
55 17 6,
56 17 6,
57 17 6,
58 17 6,
59 17 6,
60 17 6,
61 17 6,
62 17 6,
63 17 8,
64 17 8,
65 17 8,
66 17 8,
67 17 8,
68 17 8,
69 17 8,
70 17 5,
71 17 5,
72 17 5,
73 17 5,
74 17 6,
75 17 6,
76 17 6,
77 17 6,
78 17 6,
79 17 6,
80 17 6,
81 17 6,
82 17 6,
83 17 6,
84 17 6,
85 17 6,
86 17 6,
87 17 8,
88 17 8,
89 17 13,
90 17 13,
91 17 13,
92 17 13,
93 17 13,
94 17 13,
95 17 13,
96 17 13,
97 17 13,
98 17 13,
99 17 13,
100 17 13,
101 17 13,
102 17 13,
103 17 13,
104 17 13,
105 17 13,
106 17 13,
107 17 13,
108 17 13,
109 17 8,
110 17 8,
111 17 6,
112 17 6,
113 17 6,
114 17 6,
115 17 6,
116 17 5,
117 17 5,
118 17 5,
119 17 5,
120 17 6,
121 17 6,
122 17 6,
123 17 6,
124 17 6,
125 17 6,
126 17 6,
127 17 6,
128 17 6,
129 17 6,
130 17 6,
131 17 6,
132 17 6,
133 17 6,
134 17 6,
135 17 6,
136 17 6,
137 17 6,
138 17 6,
139 17 6,
140 17 6,
141 17 6,
142 17 6,
143 17 6,
144 17 6,
145 17 6,
146 17 6,
147 17 6,
148 17 6,
149 17 6,
150 17 6,
151 17 0,
152 17 0,
153 17 0,
154 17 0,
155 17 0,
0 18 0,
1 18 6,
2 18 6,
3 18 8,
4 18 8,
5 18 8,
6 18 8,
7 18 0,
8 18 14,
9 18 0,
10 18 14,
11 18 0,
12 18 8,
13 18 8,
14 18 14,
15 18 14,
16 18 14,
17 18 8,
18 18 8,
19 18 6,
20 18 6,
21 18 6,
22 18 6,
23 18 6,
24 18 6,
25 18 6,
26 18 6,
27 18 6,
28 18 6,
29 18 8,
30 18 8,
31 18 0,
32 18 0,
33 18 0,
34 18 0,
35 18 0,
36 18 0,
37 18 0,
38 18 0,
39 18 0,
40 18 8,
41 18 8,
42 18 6,
43 18 6,
44 18 6,
45 18 6,
46 18 6,
47 18 6,
48 18 6,
49 18 6,
50 18 6,
51 18 6,
52 18 6,
53 18 6,
54 18 6,
55 18 6,
56 18 6,
57 18 6,
58 18 6,
59 18 6,
60 18 6,
61 18 6,
62 18 6,
63 18 6,
64 18 6,
65 18 6,
66 18 6,
67 18 6,
68 18 6,
69 18 6,
70 18 5,
71 18 5,
72 18 5,
73 18 5,
74 18 6,
75 18 6,
76 18 6,
77 18 6,
78 18 6,
79 18 6,
80 18 6,
81 18 6,
82 18 6,
83 18 6,
84 18 6,
85 18 6,
86 18 6,
87 18 8,
88 18 8,
89 18 8,
90 18 8,
91 18 8,
92 18 8,
93 18 8,
94 18 8,
95 18 8,
96 18 8,
97 18 8,
98 18 8,
99 18 8,
100 18 8,
101 18 8,
102 18 8,
103 18 8,
104 18 8,
105 18 8,
106 18 8,
107 18 8,
108 18 8,
109 18 8,
110 18 8,
111 18 6,
112 18 6,
113 18 6,
114 18 6,
115 18 6,
116 18 5,
117 18 5,
118 18 5,
119 18 5,
120 18 6,
121 18 6,
122 18 8,
123 18 8,
124 18 8,
125 18 8,
126 18 8,
127 18 8,
128 18 8,
129 18 8,
130 18 8,
131 18 8,
132 18 8,
133 18 6,
134 18 6,
135 18 6,
136 18 6,
137 18 6,
138 18 6,
139 18 6,
140 18 6,
141 18 6,
142 18 6,
143 18 6,
144 18 6,
145 18 6,
146 18 6,
147 18 6,
148 18 6,
149 18 6,
150 18 6,
151 18 0,
152 18 0,
153 18 0,
154 18 0,
155 18 0,
0 19 0,
1 19 6,
2 19 6,
3 19 8,
4 19 8,
5 19 8,
6 19 8,
7 19 0,
8 19 14,
9 19 0,
10 19 14,
11 19 0,
12 19 8,
13 19 8,
14 19 14,
15 19 14,
16 19 14,
17 19 8,
18 19 8,
19 19 6,
20 19 6,
21 19 6,
22 19 6,
23 19 6,
24 19 6,
25 19 6,
26 19 6,
27 19 6,
28 19 6,
29 19 8,
30 19 8,
31 19 0,
32 19 0,
33 19 0,
34 19 0,
35 19 0,
36 19 0,
37 19 0,
38 19 0,
39 19 0,
40 19 8,
41 19 8,
42 19 6,
43 19 6,
44 19 6,
45 19 6,
46 19 6,
47 19 6,
48 19 6,
49 19 6,
50 19 6,
51 19 6,
52 19 6,
53 19 6,
54 19 6,
55 19 6,
56 19 6,
57 19 6,
58 19 8,
59 19 8,
60 19 8,
61 19 8,
62 19 8,
63 19 8,
64 19 8,
65 19 8,
66 19 8,
67 19 8,
68 19 6,
69 19 6,
70 19 5,
71 19 5,
72 19 5,
73 19 5,
74 19 6,
75 19 6,
76 19 8,
77 19 8,
78 19 8,
79 19 8,
80 19 8,
81 19 8,
82 19 8,
83 19 8,
84 19 8,
85 19 8,
86 19 6,
87 19 6,
88 19 6,
89 19 6,
90 19 6,
91 19 6,
92 19 6,
93 19 6,
94 19 6,
95 19 6,
96 19 6,
97 19 6,
98 19 6,
99 19 6,
100 19 6,
101 19 6,
102 19 6,
103 19 6,
104 19 6,
105 19 6,
106 19 6,
107 19 6,
108 19 6,
109 19 6,
110 19 6,
111 19 6,
112 19 6,
113 19 6,
114 19 6,
115 19 6,
116 19 5,
117 19 5,
118 19 5,
119 19 5,
120 19 6,
121 19 6,
122 19 8,
123 19 8,
124 19 15,
125 19 15,
126 19 15,
127 19 15,
128 19 15,
129 19 15,
130 19 15,
131 19 8,
132 19 8,
133 19 6,
134 19 6,
135 19 6,
136 19 6,
137 19 6,
138 19 6,
139 19 6,
140 19 6,
141 19 6,
142 19 6,
143 19 6,
144 19 6,
145 19 6,
146 19 6,
147 19 6,
148 19 6,
149 19 6,
150 19 6,
151 19 0,
152 19 0,
153 19 0,
154 19 0,
155 19 0,
0 20 0,
1 20 6,
2 20 6,
3 20 8,
4 20 8,
5 20 8,
6 20 8,
7 20 0,
8 20 14,
9 20 0,
10 20 14,
11 20 0,
12 20 8,
13 20 8,
14 20 14,
15 20 14,
16 20 14,
17 20 8,
18 20 8,
19 20 6,
20 20 6,
21 20 6,
22 20 6,
23 20 6,
24 20 6,
25 20 6,
26 20 6,
27 20 6,
28 20 6,
29 20 8,
30 20 8,
31 20 8,
32 20 8,
33 20 8,
34 20 8,
35 20 8,
36 20 8,
37 20 8,
38 20 8,
39 20 8,
40 20 8,
41 20 8,
42 20 6,
43 20 6,
44 20 6,
45 20 6,
46 20 6,
47 20 6,
48 20 6,
49 20 6,
50 20 6,
51 20 6,
52 20 6,
53 20 6,
54 20 6,
55 20 6,
56 20 6,
57 20 6,
58 20 8,
59 20 8,
60 20 15,
61 20 15,
62 20 15,
63 20 15,
64 20 15,
65 20 15,
66 20 8,
67 20 8,
68 20 6,
69 20 6,
70 20 5,
71 20 5,
72 20 5,
73 20 5,
74 20 6,
75 20 6,
76 20 8,
77 20 8,
78 20 9,
79 20 9,
80 20 9,
81 20 9,
82 20 9,
83 20 9,
84 20 8,
85 20 8,
86 20 6,
87 20 6,
88 20 6,
89 20 6,
90 20 6,
91 20 6,
92 20 6,
93 20 6,
94 20 6,
95 20 6,
96 20 6,
97 20 6,
98 20 8,
99 20 8,
100 20 8,
101 20 8,
102 20 8,
103 20 8,
104 20 8,
105 20 8,
106 20 8,
107 20 8,
108 20 8,
109 20 8,
110 20 8,
111 20 8,
112 20 8,
113 20 8,
114 20 6,
115 20 6,
116 20 5,
117 20 5,
118 20 5,
119 20 5,
120 20 10,
121 20 10,
122 20 8,
123 20 8,
124 20 15,
125 20 15,
126 20 15,
127 20 15,
128 20 15,
129 20 15,
130 20 15,
131 20 8,
132 20 8,
133 20 6,
134 20 6,
135 20 6,
136 20 6,
137 20 6,
138 20 6,
139 20 6,
140 20 6,
141 20 6,
142 20 6,
143 20 6,
144 20 6,
145 20 6,
146 20 6,
147 20 6,
148 20 6,
149 20 6,
150 20 6,
151 20 0,
152 20 0,
153 20 0,
154 20 0,
155 20 0,
0 21 0,
1 21 6,
2 21 6,
3 21 8,
4 21 8,
5 21 8,
6 21 8,
7 21 0,
8 21 14,
9 21 0,
10 21 14,
11 21 0,
12 21 8,
13 21 8,
14 21 14,
15 21 14,
16 21 14,
17 21 8,
18 21 8,
19 21 6,
20 21 6,
21 21 6,
22 21 6,
23 21 6,
24 21 6,
25 21 6,
26 21 6,
27 21 6,
28 21 6,
29 21 6,
30 21 6,
31 21 6,
32 21 6,
33 21 6,
34 21 6,
35 21 6,
36 21 6,
37 21 6,
38 21 6,
39 21 6,
40 21 6,
41 21 6,
42 21 6,
43 21 6,
44 21 6,
45 21 6,
46 21 6,
47 21 6,
48 21 6,
49 21 6,
50 21 6,
51 21 6,
52 21 6,
53 21 6,
54 21 6,
55 21 6,
56 21 6,
57 21 6,
58 21 8,
59 21 8,
60 21 15,
61 21 15,
62 21 15,
63 21 15,
64 21 15,
65 21 15,
66 21 8,
67 21 8,
68 21 10,
69 21 10,
70 21 5,
71 21 5,
72 21 5,
73 21 5,
74 21 10,
75 21 10,
76 21 8,
77 21 8,
78 21 9,
79 21 9,
80 21 9,
81 21 9,
82 21 9,
83 21 9,
84 21 8,
85 21 8,
86 21 6,
87 21 6,
88 21 6,
89 21 6,
90 21 6,
91 21 6,
92 21 6,
93 21 6,
94 21 6,
95 21 6,
96 21 6,
97 21 6,
98 21 8,
99 21 8,
100 21 15,
101 21 15,
102 21 15,
103 21 15,
104 21 15,
105 21 15,
106 21 15,
107 21 15,
108 21 15,
109 21 15,
110 21 15,
111 21 15,
112 21 8,
113 21 8,
114 21 10,
115 21 10,
116 21 5,
117 21 5,
118 21 5,
119 21 5,
120 21 6,
121 21 6,
122 21 8,
123 21 8,
124 21 15,
125 21 15,
126 21 15,
127 21 15,
128 21 15,
129 21 15,
130 21 15,
131 21 8,
132 21 8,
133 21 6,
134 21 6,
135 21 6,
136 21 6,
137 21 6,
138 21 6,
139 21 6,
140 21 6,
141 21 6,
142 21 6,
143 21 6,
144 21 6,
145 21 6,
146 21 6,
147 21 6,
148 21 6,
149 21 6,
150 21 6,
151 21 0,
152 21 0,
153 21 0,
154 21 0,
155 21 0,
0 22 0,
1 22 6,
2 22 6,
3 22 8,
4 22 8,
5 22 8,
6 22 8,
7 22 0,
8 22 14,
9 22 0,
10 22 14,
11 22 0,
12 22 8,
13 22 8,
14 22 14,
15 22 14,
16 22 14,
17 22 8,
18 22 8,
19 22 6,
20 22 6,
21 22 6,
22 22 6,
23 22 6,
24 22 6,
25 22 6,
26 22 6,
27 22 6,
28 22 6,
29 22 6,
30 22 6,
31 22 6,
32 22 6,
33 22 6,
34 22 6,
35 22 6,
36 22 6,
37 22 6,
38 22 6,
39 22 6,
40 22 6,
41 22 6,
42 22 6,
43 22 6,
44 22 6,
45 22 6,
46 22 6,
47 22 6,
48 22 6,
49 22 6,
50 22 6,
51 22 6,
52 22 6,
53 22 6,
54 22 6,
55 22 6,
56 22 6,
57 22 6,
58 22 8,
59 22 8,
60 22 15,
61 22 15,
62 22 15,
63 22 15,
64 22 15,
65 22 15,
66 22 8,
67 22 8,
68 22 6,
69 22 6,
70 22 5,
71 22 5,
72 22 5,
73 22 5,
74 22 6,
75 22 6,
76 22 8,
77 22 8,
78 22 9,
79 22 9,
80 22 9,
81 22 9,
82 22 9,
83 22 9,
84 22 8,
85 22 8,
86 22 6,
87 22 6,
88 22 6,
89 22 6,
90 22 6,
91 22 6,
92 22 6,
93 22 6,
94 22 6,
95 22 6,
96 22 6,
97 22 6,
98 22 8,
99 22 8,
100 22 15,
101 22 15,
102 22 15,
103 22 15,
104 22 15,
105 22 15,
106 22 15,
107 22 15,
108 22 15,
109 22 15,
110 22 15,
111 22 15,
112 22 8,
113 22 8,
114 22 6,
115 22 6,
116 22 5,
117 22 5,
118 22 5,
119 22 5,
120 22 6,
121 22 6,
122 22 8,
123 22 8,
124 22 8,
125 22 8,
126 22 8,
127 22 8,
128 22 8,
129 22 8,
130 22 8,
131 22 8,
132 22 8,
133 22 6,
134 22 6,
135 22 6,
136 22 6,
137 22 6,
138 22 6,
139 22 6,
140 22 6,
141 22 6,
142 22 6,
143 22 6,
144 22 6,
145 22 6,
146 22 6,
147 22 6,
148 22 6,
149 22 6,
150 22 6,
151 22 0,
152 22 0,
153 22 0,
154 22 0,
155 22 0,
0 23 0,
1 23 6,
2 23 6,
3 23 8,
4 23 8,
5 23 8,
6 23 8,
7 23 0,
8 23 14,
9 23 0,
10 23 14,
11 23 0,
12 23 8,
13 23 8,
14 23 8,
15 23 8,
16 23 8,
17 23 8,
18 23 8,
19 23 6,
20 23 6,
21 23 6,
22 23 6,
23 23 6,
24 23 6,
25 23 6,
26 23 6,
27 23 6,
28 23 6,
29 23 6,
30 23 6,
31 23 6,
32 23 6,
33 23 6,
34 23 6,
35 23 6,
36 23 6,
37 23 6,
38 23 6,
39 23 6,
40 23 6,
41 23 6,
42 23 6,
43 23 6,
44 23 6,
45 23 6,
46 23 6,
47 23 6,
48 23 6,
49 23 6,
50 23 6,
51 23 6,
52 23 6,
53 23 6,
54 23 6,
55 23 6,
56 23 6,
57 23 6,
58 23 8,
59 23 8,
60 23 8,
61 23 8,
62 23 8,
63 23 8,
64 23 8,
65 23 8,
66 23 8,
67 23 8,
68 23 6,
69 23 6,
70 23 5,
71 23 5,
72 23 5,
73 23 5,
74 23 6,
75 23 6,
76 23 8,
77 23 8,
78 23 9,
79 23 9,
80 23 9,
81 23 9,
82 23 9,
83 23 9,
84 23 8,
85 23 8,
86 23 6,
87 23 6,
88 23 6,
89 23 6,
90 23 6,
91 23 6,
92 23 6,
93 23 6,
94 23 6,
95 23 6,
96 23 6,
97 23 6,
98 23 8,
99 23 8,
100 23 8,
101 23 8,
102 23 8,
103 23 8,
104 23 8,
105 23 8,
106 23 8,
107 23 8,
108 23 8,
109 23 8,
110 23 8,
111 23 8,
112 23 8,
113 23 8,
114 23 6,
115 23 6,
116 23 5,
117 23 5,
118 23 5,
119 23 5,
120 23 6,
121 23 6,
122 23 6,
123 23 6,
124 23 6,
125 23 6,
126 23 6,
127 23 6,
128 23 6,
129 23 6,
130 23 6,
131 23 6,
132 23 6,
133 23 6,
134 23 6,
135 23 6,
136 23 6,
137 23 6,
138 23 6,
139 23 6,
140 23 6,
141 23 6,
142 23 6,
143 23 6,
144 23 6,
145 23 6,
146 23 6,
147 23 6,
148 23 6,
149 23 6,
150 23 6,
151 23 0,
152 23 0,
153 23 0,
154 23 0,
155 23 0,
0 24 0,
1 24 6,
2 24 6,
3 24 6,
4 24 6,
5 24 6,
6 24 6,
7 24 6,
8 24 14,
9 24 6,
10 24 14,
11 24 6,
12 24 6,
13 24 6,
14 24 6,
15 24 6,
16 24 6,
17 24 6,
18 24 6,
19 24 6,
20 24 6,
21 24 6,
22 24 6,
23 24 6,
24 24 6,
25 24 6,
26 24 6,
27 24 6,
28 24 6,
29 24 6,
30 24 6,
31 24 6,
32 24 6,
33 24 6,
34 24 6,
35 24 6,
36 24 6,
37 24 6,
38 24 6,
39 24 6,
40 24 6,
41 24 6,
42 24 6,
43 24 6,
44 24 6,
45 24 6,
46 24 6,
47 24 6,
48 24 6,
49 24 6,
50 24 6,
51 24 6,
52 24 6,
53 24 6,
54 24 6,
55 24 6,
56 24 6,
57 24 6,
58 24 6,
59 24 6,
60 24 6,
61 24 6,
62 24 6,
63 24 6,
64 24 6,
65 24 6,
66 24 6,
67 24 6,
68 24 6,
69 24 6,
70 24 5,
71 24 5,
72 24 5,
73 24 5,
74 24 6,
75 24 6,
76 24 8,
77 24 8,
78 24 8,
79 24 8,
80 24 8,
81 24 8,
82 24 8,
83 24 8,
84 24 8,
85 24 8,
86 24 6,
87 24 6,
88 24 6,
89 24 6,
90 24 6,
91 24 6,
92 24 6,
93 24 6,
94 24 6,
95 24 6,
96 24 6,
97 24 6,
98 24 6,
99 24 6,
100 24 6,
101 24 6,
102 24 6,
103 24 6,
104 24 6,
105 24 6,
106 24 6,
107 24 6,
108 24 6,
109 24 6,
110 24 6,
111 24 6,
112 24 6,
113 24 6,
114 24 6,
115 24 6,
116 24 5,
117 24 5,
118 24 5,
119 24 5,
120 24 6,
121 24 6,
122 24 6,
123 24 6,
124 24 6,
125 24 6,
126 24 6,
127 24 6,
128 24 6,
129 24 6,
130 24 6,
131 24 6,
132 24 6,
133 24 6,
134 24 6,
135 24 6,
136 24 6,
137 24 6,
138 24 6,
139 24 6,
140 24 6,
141 24 6,
142 24 6,
143 24 6,
144 24 6,
145 24 6,
146 24 6,
147 24 6,
148 24 6,
149 24 6,
150 24 6,
151 24 0,
152 24 0,
153 24 0,
154 24 0,
155 24 0,
0 25 0,
1 25 0,
2 25 0,
3 25 0,
4 25 0,
5 25 0,
6 25 0,
7 25 0,
8 25 14,
9 25 0,
10 25 14,
11 25 0,
12 25 0,
13 25 0,
14 25 0,
15 25 0,
16 25 0,
17 25 0,
18 25 0,
19 25 0,
20 25 0,
21 25 0,
22 25 0,
23 25 0,
24 25 0,
25 25 0,
26 25 0,
27 25 0,
28 25 0,
29 25 0,
30 25 0,
31 25 0,
32 25 0,
33 25 0,
34 25 0,
35 25 0,
36 25 0,
37 25 0,
38 25 0,
39 25 0,
40 25 0,
41 25 0,
42 25 0,
43 25 0,
44 25 0,
45 25 0,
46 25 0,
47 25 0,
48 25 0,
49 25 0,
50 25 0,
51 25 0,
52 25 0,
53 25 0,
54 25 0,
55 25 0,
56 25 0,
57 25 0,
58 25 0,
59 25 0,
60 25 0,
61 25 0,
62 25 0,
63 25 0,
64 25 0,
65 25 0,
66 25 0,
67 25 0,
68 25 0,
69 25 0,
70 25 5,
71 25 5,
72 25 5,
73 25 5,
74 25 0,
75 25 0,
76 25 0,
77 25 0,
78 25 0,
79 25 0,
80 25 0,
81 25 0,
82 25 0,
83 25 0,
84 25 0,
85 25 0,
86 25 0,
87 25 0,
88 25 0,
89 25 0,
90 25 0,
91 25 0,
92 25 0,
93 25 0,
94 25 0,
95 25 0,
96 25 0,
97 25 0,
98 25 0,
99 25 0,
100 25 0,
101 25 0,
102 25 0,
103 25 0,
104 25 0,
105 25 0,
106 25 0,
107 25 0,
108 25 0,
109 25 0,
110 25 0,
111 25 0,
112 25 0,
113 25 0,
114 25 0,
115 25 0,
116 25 5,
117 25 5,
118 25 5,
119 25 5,
120 25 0,
121 25 0,
122 25 0,
123 25 0,
124 25 0,
125 25 0,
126 25 0,
127 25 0,
128 25 0,
129 25 0,
130 25 0,
131 25 0,
132 25 0,
133 25 0,
134 25 0,
135 25 0,
136 25 0,
137 25 0,
138 25 0,
139 25 0,
140 25 0,
141 25 0,
142 25 0,
143 25 0,
144 25 0,
145 25 0,
146 25 0,
147 25 0,
148 25 0,
149 25 0,
150 25 0,
151 25 0,
152 25 0,
153 25 0,
154 25 0,
155 25 0,
0 26 0,
1 26 0,
2 26 0,
3 26 0,
4 26 0,
5 26 0,
6 26 0,
7 26 0,
8 26 14,
9 26 0,
10 26 14,
11 26 0,
12 26 0,
13 26 0,
14 26 0,
15 26 0,
16 26 0,
17 26 0,
18 26 0,
19 26 0,
20 26 0,
21 26 0,
22 26 0,
23 26 0,
24 26 0,
25 26 0,
26 26 0,
27 26 0,
28 26 0,
29 26 0,
30 26 0,
31 26 0,
32 26 0,
33 26 0,
34 26 0,
35 26 0,
36 26 0,
37 26 0,
38 26 0,
39 26 0,
40 26 0,
41 26 0,
42 26 0,
43 26 0,
44 26 0,
45 26 0,
46 26 0,
47 26 0,
48 26 0,
49 26 0,
50 26 0,
51 26 0,
52 26 0,
53 26 0,
54 26 0,
55 26 0,
56 26 0,
57 26 0,
58 26 0,
59 26 0,
60 26 0,
61 26 0,
62 26 0,
63 26 0,
64 26 0,
65 26 0,
66 26 0,
67 26 0,
68 26 0,
69 26 0,
70 26 0,
71 26 0,
72 26 0,
73 26 0,
74 26 0,
75 26 0,
76 26 0,
77 26 0,
78 26 0,
79 26 0,
80 26 0,
81 26 0,
82 26 0,
83 26 0,
84 26 0,
85 26 0,
86 26 0,
87 26 0,
88 26 0,
89 26 0,
90 26 0,
91 26 0,
92 26 0,
93 26 0,
94 26 0,
95 26 0,
96 26 0,
97 26 0,
98 26 0,
99 26 0,
100 26 0,
101 26 0,
102 26 0,
103 26 0,
104 26 0,
105 26 0,
106 26 0,
107 26 0,
108 26 0,
109 26 0,
110 26 0,
111 26 0,
112 26 0,
113 26 0,
114 26 0,
115 26 0,
116 26 0,
117 26 0,
118 26 0,
119 26 0,
120 26 0,
121 26 0,
122 26 0,
123 26 0,
124 26 0,
125 26 0,
126 26 0,
127 26 0,
128 26 0,
129 26 0,
130 26 0,
131 26 0,
132 26 0,
133 26 0,
134 26 0,
135 26 0,
136 26 0,
137 26 0,
138 26 0,
139 26 0,
140 26 0,
141 26 0,
142 26 0,
143 26 0,
144 26 0,
145 26 0,
146 26 0,
147 26 0,
148 26 0,
149 26 0,
150 26 0,
151 26 0,
152 26 0,
153 26 0,
154 26 0,
155 26 0,
0 27 0,
1 27 0,
2 27 0,
3 27 0,
4 27 0,
5 27 0,
6 27 0,
7 27 0,
8 27 0,
9 27 0,
10 27 0,
11 27 0,
12 27 0,
13 27 0,
14 27 0,
15 27 0,
16 27 0,
17 27 0,
18 27 0,
19 27 0,
20 27 0,
21 27 0,
22 27 0,
23 27 0,
24 27 0,
25 27 0,
26 27 0,
27 27 0,
28 27 0,
29 27 0,
30 27 0,
31 27 0,
32 27 0,
33 27 0,
34 27 0,
35 27 0,
36 27 0,
37 27 0,
38 27 0,
39 27 0,
40 27 0,
41 27 0,
42 27 0,
43 27 0,
44 27 0,
45 27 0,
46 27 0,
47 27 0,
48 27 0,
49 27 0,
50 27 0,
51 27 0,
52 27 0,
53 27 0,
54 27 0,
55 27 0,
56 27 0,
57 27 0,
58 27 0,
59 27 0,
60 27 0,
61 27 0,
62 27 0,
63 27 0,
64 27 0,
65 27 0,
66 27 0,
67 27 0,
68 27 0,
69 27 0,
70 27 0,
71 27 0,
72 27 0,
73 27 0,
74 27 0,
75 27 0,
76 27 0,
77 27 0,
78 27 0,
79 27 0,
80 27 0,
81 27 0,
82 27 0,
83 27 0,
84 27 0,
85 27 0,
86 27 0,
87 27 0,
88 27 0,
89 27 0,
90 27 0,
91 27 0,
92 27 0,
93 27 0,
94 27 0,
95 27 0,
96 27 0,
97 27 0,
98 27 0,
99 27 0,
100 27 0,
101 27 0,
102 27 0,
103 27 0,
104 27 0,
105 27 0,
106 27 0,
107 27 0,
108 27 0,
109 27 0,
110 27 0,
111 27 0,
112 27 0,
113 27 0,
114 27 0,
115 27 0,
116 27 0,
117 27 0,
118 27 0,
119 27 0,
120 27 0,
121 27 0,
122 27 0,
123 27 0,
124 27 0,
125 27 0,
126 27 0,
127 27 0,
128 27 0,
129 27 0,
130 27 0,
131 27 0,
132 27 0,
133 27 0,
134 27 0,
135 27 0,
136 27 0,
137 27 0,
138 27 0,
139 27 0,
140 27 0,
141 27 0,
142 27 0,
143 27 0,
144 27 0,
145 27 0,
146 27 0,
147 27 0,
148 27 0,
149 27 0,
150 27 0,
151 27 0,
152 27 0,
153 27 0,
154 27 0,
155 27 0,
0 28 0,
1 28 0,
2 28 0,
3 28 0,
4 28 0,
5 28 0,
6 28 0,
7 28 0,
8 28 0,
9 28 0,
10 28 0,
11 28 0,
12 28 0,
13 28 0,
14 28 0,
15 28 0,
16 28 0,
17 28 0,
18 28 0,
19 28 0,
20 28 0,
21 28 0,
22 28 0,
23 28 0,
24 28 0,
25 28 0,
26 28 0,
27 28 0,
28 28 0,
29 28 0,
30 28 0,
31 28 0,
32 28 0,
33 28 0,
34 28 0,
35 28 0,
36 28 0,
37 28 0,
38 28 0,
39 28 0,
40 28 0,
41 28 0,
42 28 0,
43 28 0,
44 28 0,
45 28 0,
46 28 0,
47 28 0,
48 28 0,
49 28 0,
50 28 0,
51 28 0,
52 28 0,
53 28 0,
54 28 0,
55 28 0,
56 28 0,
57 28 0,
58 28 0,
59 28 0,
60 28 0,
61 28 0,
62 28 0,
63 28 0,
64 28 0,
65 28 0,
66 28 0,
67 28 0,
68 28 0,
69 28 0,
70 28 0,
71 28 0,
72 28 0,
73 28 0,
74 28 0,
75 28 0,
76 28 0,
77 28 0,
78 28 0,
79 28 0,
80 28 0,
81 28 0,
82 28 0,
83 28 0,
84 28 0,
85 28 0,
86 28 0,
87 28 0,
88 28 0,
89 28 0,
90 28 0,
91 28 0,
92 28 0,
93 28 0,
94 28 0,
95 28 0,
96 28 0,
97 28 0,
98 28 0,
99 28 0,
100 28 0,
101 28 0,
102 28 0,
103 28 0,
104 28 0,
105 28 0,
106 28 0,
107 28 0,
108 28 0,
109 28 0,
110 28 0,
111 28 0,
112 28 0,
113 28 0,
114 28 0,
115 28 0,
116 28 0,
117 28 0,
118 28 0,
119 28 0,
120 28 0,
121 28 0,
122 28 0,
123 28 0,
124 28 0,
125 28 0,
126 28 0,
127 28 0,
128 28 0,
129 28 0,
130 28 0,
131 28 0,
132 28 0,
133 28 0,
134 28 0,
135 28 0,
136 28 0,
137 28 0,
138 28 0,
139 28 0,
140 28 0,
141 28 0,
142 28 0,
143 28 0,
144 28 0,
145 28 0,
146 28 0,
147 28 0,
148 28 0,
149 28 0,
150 28 0,
151 28 0,
152 28 0,
153 28 0,
154 28 0,
155 28 0,
0 29 0,
1 29 0,
2 29 0,
3 29 0,
4 29 0,
5 29 0,
6 29 0,
7 29 0,
8 29 0,
9 29 0,
10 29 0,
11 29 0,
12 29 0,
13 29 0,
14 29 0,
15 29 0,
16 29 0,
17 29 0,
18 29 0,
19 29 0,
20 29 0,
21 29 0,
22 29 0,
23 29 0,
24 29 0,
25 29 0,
26 29 0,
27 29 0,
28 29 0,
29 29 0,
30 29 0,
31 29 0,
32 29 0,
33 29 0,
34 29 0,
35 29 0,
36 29 0,
37 29 0,
38 29 0,
39 29 0,
40 29 0,
41 29 0,
42 29 0,
43 29 0,
44 29 0,
45 29 0,
46 29 0,
47 29 0,
48 29 0,
49 29 0,
50 29 0,
51 29 0,
52 29 0,
53 29 0,
54 29 0,
55 29 0,
56 29 0,
57 29 0,
58 29 0,
59 29 0,
60 29 0,
61 29 0,
62 29 0,
63 29 0,
64 29 0,
65 29 0,
66 29 0,
67 29 0,
68 29 0,
69 29 0,
70 29 0,
71 29 0,
72 29 0,
73 29 0,
74 29 0,
75 29 0,
76 29 0,
77 29 0,
78 29 0,
79 29 0,
80 29 0,
81 29 0,
82 29 0,
83 29 0,
84 29 0,
85 29 0,
86 29 0,
87 29 0,
88 29 0,
89 29 0,
90 29 0,
91 29 0,
92 29 0,
93 29 0,
94 29 0,
95 29 0,
96 29 0,
97 29 0,
98 29 0,
99 29 0,
100 29 0,
101 29 0,
102 29 0,
103 29 0,
104 29 0,
105 29 0,
106 29 0,
107 29 0,
108 29 0,
109 29 0,
110 29 0,
111 29 0,
112 29 0,
113 29 0,
114 29 0,
115 29 0,
116 29 0,
117 29 0,
118 29 0,
119 29 0,
120 29 0,
121 29 0,
122 29 0,
123 29 0,
124 29 0,
125 29 0,
126 29 0,
127 29 0,
128 29 0,
129 29 0,
130 29 0,
131 29 0,
132 29 0,
133 29 0,
134 29 0,
135 29 0,
136 29 0,
137 29 0,
138 29 0,
139 29 0,
140 29 0,
141 29 0,
142 29 0,
143 29 0,
144 29 0,
145 29 0,
146 29 0,
147 29 0,
148 29 0,
149 29 0,
150 29 0,
151 29 0,
152 29 0,
153 29 0,
154 29 0,
155 29 0,
0 30 0,
1 30 0,
2 30 0,
3 30 0,
4 30 0,
5 30 0,
6 30 0,
7 30 0,
8 30 0,
9 30 0,
10 30 0,
11 30 0,
12 30 0,
13 30 0,
14 30 0,
15 30 0,
16 30 0,
17 30 0,
18 30 0,
19 30 0,
20 30 0,
21 30 0,
22 30 0,
23 30 0,
24 30 0,
25 30 0,
26 30 0,
27 30 0,
28 30 0,
29 30 0,
30 30 0,
31 30 0,
32 30 0,
33 30 0,
34 30 0,
35 30 0,
36 30 0,
37 30 0,
38 30 0,
39 30 0,
40 30 0,
41 30 0,
42 30 0,
43 30 0,
44 30 0,
45 30 0,
46 30 0,
47 30 0,
48 30 0,
49 30 0,
50 30 0,
51 30 0,
52 30 0,
53 30 0,
54 30 0,
55 30 0,
56 30 0,
57 30 0,
58 30 0,
59 30 0,
60 30 0,
61 30 0,
62 30 0,
63 30 0,
64 30 0,
65 30 0,
66 30 0,
67 30 0,
68 30 0,
69 30 0,
70 30 0,
71 30 0,
72 30 0,
73 30 0,
74 30 0,
75 30 0,
76 30 0,
77 30 0,
78 30 0,
79 30 0,
80 30 0,
81 30 0,
82 30 0,
83 30 0,
84 30 0,
85 30 0,
86 30 0,
87 30 0,
88 30 0,
89 30 0,
90 30 0,
91 30 0,
92 30 0,
93 30 0,
94 30 0,
95 30 0,
96 30 0,
97 30 0,
98 30 0,
99 30 0,
100 30 0,
101 30 0,
102 30 0,
103 30 0,
104 30 0,
105 30 0,
106 30 0,
107 30 0,
108 30 0,
109 30 0,
110 30 0,
111 30 0,
112 30 0,
113 30 0,
114 30 0,
115 30 0,
116 30 0,
117 30 0,
118 30 0,
119 30 0,
120 30 0,
121 30 0,
122 30 0,
123 30 0,
124 30 0,
125 30 0,
126 30 0,
127 30 0,
128 30 0,
129 30 0,
130 30 0,
131 30 0,
132 30 0,
133 30 0,
134 30 0,
135 30 0,
136 30 0,
137 30 0,
138 30 0,
139 30 0,
140 30 0,
141 30 0,
142 30 0,
143 30 0,
144 30 0,
145 30 0,
146 30 0,
147 30 0,
148 30 0,
149 30 0,
150 30 0,
151 30 0,
152 30 0,
153 30 0,
154 30 0,
155 30 0,
0 31 0,
1 31 0,
2 31 0,
3 31 0,
4 31 0,
5 31 0,
6 31 0,
7 31 0,
8 31 0,
9 31 0,
10 31 0,
11 31 0,
12 31 0,
13 31 0,
14 31 0,
15 31 0,
16 31 0,
17 31 0,
18 31 0,
19 31 0,
20 31 0,
21 31 0,
22 31 0,
23 31 0,
24 31 0,
25 31 0,
26 31 0,
27 31 0,
28 31 0,
29 31 0,
30 31 0,
31 31 0,
32 31 0,
33 31 0,
34 31 0,
35 31 0,
36 31 0,
37 31 0,
38 31 0,
39 31 0,
40 31 0,
41 31 0,
42 31 0,
43 31 0,
44 31 0,
45 31 0,
46 31 0,
47 31 0,
48 31 0,
49 31 0,
50 31 0,
51 31 0,
52 31 0,
53 31 0,
54 31 0,
55 31 0,
56 31 0,
57 31 0,
58 31 0,
59 31 0,
60 31 0,
61 31 0,
62 31 0,
63 31 0,
64 31 0,
65 31 0,
66 31 0,
67 31 0,
68 31 0,
69 31 0,
70 31 0,
71 31 0,
72 31 0,
73 31 0,
74 31 0,
75 31 0,
76 31 0,
77 31 0,
78 31 0,
79 31 0,
80 31 0,
81 31 0,
82 31 0,
83 31 0,
84 31 0,
85 31 0,
86 31 0,
87 31 0,
88 31 0,
89 31 0,
90 31 0,
91 31 0,
92 31 0,
93 31 0,
94 31 0,
95 31 0,
96 31 0,
97 31 0,
98 31 0,
99 31 0,
100 31 0,
101 31 0,
102 31 0,
103 31 0,
104 31 0,
105 31 0,
106 31 0,
107 31 0,
108 31 0,
109 31 0,
110 31 0,
111 31 0,
112 31 0,
113 31 0,
114 31 0,
115 31 0,
116 31 0,
117 31 0,
118 31 0,
119 31 0,
120 31 0,
121 31 0,
122 31 0,
123 31 0,
124 31 0,
125 31 0,
126 31 0,
127 31 0,
128 31 0,
129 31 0,
130 31 0,
131 31 0,
132 31 0,
133 31 0,
134 31 0,
135 31 0,
136 31 0,
137 31 0,
138 31 0,
139 31 0,
140 31 0,
141 31 0,
142 31 0,
143 31 0,
144 31 0,
145 31 0,
146 31 0,
147 31 0,
148 31 0,
149 31 0,
150 31 0,
151 31 0,
152 31 0,
153 31 0,
154 31 0,
155 31 0,
0 32 0,
1 32 0,
2 32 0,
3 32 0,
4 32 0,
5 32 0,
6 32 0,
7 32 0,
8 32 0,
9 32 0,
10 32 0,
11 32 0,
12 32 0,
13 32 0,
14 32 0,
15 32 0,
16 32 0,
17 32 0,
18 32 0,
19 32 0,
20 32 0,
21 32 0,
22 32 0,
23 32 0,
24 32 0,
25 32 0,
26 32 0,
27 32 0,
28 32 0,
29 32 0,
30 32 0,
31 32 0,
32 32 0,
33 32 0,
34 32 0,
35 32 0,
36 32 0,
37 32 0,
38 32 0,
39 32 0,
40 32 0,
41 32 0,
42 32 0,
43 32 0,
44 32 0,
45 32 0,
46 32 0,
47 32 0,
48 32 0,
49 32 0,
50 32 0,
51 32 0,
52 32 0,
53 32 0,
54 32 0,
55 32 0,
56 32 0,
57 32 0,
58 32 0,
59 32 0,
60 32 0,
61 32 0,
62 32 0,
63 32 0,
64 32 0,
65 32 0,
66 32 0,
67 32 0,
68 32 0,
69 32 0,
70 32 0,
71 32 0,
72 32 0,
73 32 0,
74 32 0,
75 32 0,
76 32 0,
77 32 0,
78 32 0,
79 32 0,
80 32 0,
81 32 0,
82 32 0,
83 32 0,
84 32 0,
85 32 0,
86 32 0,
87 32 0,
88 32 0,
89 32 0,
90 32 0,
91 32 0,
92 32 0,
93 32 0,
94 32 0,
95 32 0,
96 32 0,
97 32 0,
98 32 0,
99 32 0,
100 32 0,
101 32 0,
102 32 0,
103 32 0,
104 32 0,
105 32 0,
106 32 0,
107 32 0,
108 32 0,
109 32 0,
110 32 0,
111 32 0,
112 32 0,
113 32 0,
114 32 0,
115 32 0,
116 32 0,
117 32 0,
118 32 0,
119 32 0,
120 32 0,
121 32 0,
122 32 0,
123 32 0,
124 32 0,
125 32 0,
126 32 0,
127 32 0,
128 32 0,
129 32 0,
130 32 0,
131 32 0,
132 32 0,
133 32 0,
134 32 0,
135 32 0,
136 32 0,
137 32 0,
138 32 0,
139 32 0,
140 32 0,
141 32 0,
142 32 0,
143 32 0,
144 32 0,
145 32 0,
146 32 0,
147 32 0,
148 32 0,
149 32 0,
150 32 0,
151 32 0,
152 32 0,
153 32 0,
154 32 0,
155 32 0,
0 33 0,
1 33 0,
2 33 0,
3 33 0,
4 33 0,
5 33 0,
6 33 0,
7 33 0,
8 33 0,
9 33 0,
10 33 0,
11 33 0,
12 33 0,
13 33 0,
14 33 0,
15 33 0,
16 33 0,
17 33 0,
18 33 0,
19 33 0,
20 33 0,
21 33 0,
22 33 0,
23 33 0,
24 33 0,
25 33 0,
26 33 0,
27 33 0,
28 33 0,
29 33 0,
30 33 0,
31 33 0,
32 33 0,
33 33 0,
34 33 0,
35 33 0,
36 33 0,
37 33 0,
38 33 0,
39 33 0,
40 33 0,
41 33 0,
42 33 0,
43 33 0,
44 33 0,
45 33 0,
46 33 0,
47 33 0,
48 33 0,
49 33 0,
50 33 0,
51 33 0,
52 33 0,
53 33 0,
54 33 0,
55 33 0,
56 33 0,
57 33 0,
58 33 0,
59 33 0,
60 33 0,
61 33 0,
62 33 0,
63 33 0,
64 33 0,
65 33 0,
66 33 0,
67 33 0,
68 33 0,
69 33 0,
70 33 0,
71 33 0,
72 33 0,
73 33 0,
74 33 0,
75 33 0,
76 33 0,
77 33 0,
78 33 0,
79 33 0,
80 33 0,
81 33 0,
82 33 0,
83 33 0,
84 33 0,
85 33 0,
86 33 0,
87 33 0,
88 33 0,
89 33 0,
90 33 0,
91 33 0,
92 33 0,
93 33 0,
94 33 0,
95 33 0,
96 33 0,
97 33 0,
98 33 0,
99 33 0,
100 33 0,
101 33 0,
102 33 0,
103 33 0,
104 33 0,
105 33 0,
106 33 0,
107 33 0,
108 33 0,
109 33 0,
110 33 0,
111 33 0,
112 33 0,
113 33 0,
114 33 0,
115 33 0,
116 33 0,
117 33 0,
118 33 0,
119 33 0,
120 33 0,
121 33 0,
122 33 0,
123 33 0,
124 33 0,
125 33 0,
126 33 0,
127 33 0,
128 33 0,
129 33 0,
130 33 0,
131 33 0,
132 33 0,
133 33 0,
134 33 0,
135 33 0,
136 33 0,
137 33 0,
138 33 0,
139 33 0,
140 33 0,
141 33 0,
142 33 0,
143 33 0,
144 33 0,
145 33 0,
146 33 0,
147 33 0,
148 33 0,
149 33 0,
150 33 0,
151 33 0,
152 33 0,
153 33 0,
154 33 0,
155 33 0,
0 34 0,
1 34 0,
2 34 0,
3 34 0,
4 34 0,
5 34 0,
6 34 0,
7 34 0,
8 34 0,
9 34 0,
10 34 0,
11 34 0,
12 34 0,
13 34 0,
14 34 0,
15 34 0,
16 34 0,
17 34 0,
18 34 0,
19 34 0,
20 34 0,
21 34 0,
22 34 0,
23 34 0,
24 34 0,
25 34 0,
26 34 0,
27 34 0,
28 34 0,
29 34 0,
30 34 0,
31 34 0,
32 34 0,
33 34 0,
34 34 0,
35 34 0,
36 34 0,
37 34 0,
38 34 0,
39 34 0,
40 34 0,
41 34 0,
42 34 0,
43 34 0,
44 34 0,
45 34 0,
46 34 0,
47 34 0,
48 34 0,
49 34 0,
50 34 0,
51 34 0,
52 34 0,
53 34 0,
54 34 0,
55 34 0,
56 34 0,
57 34 0,
58 34 0,
59 34 0,
60 34 0,
61 34 0,
62 34 0,
63 34 0,
64 34 0,
65 34 0,
66 34 0,
67 34 0,
68 34 0,
69 34 0,
70 34 0,
71 34 0,
72 34 0,
73 34 0,
74 34 0,
75 34 0,
76 34 0,
77 34 0,
78 34 0,
79 34 0,
80 34 0,
81 34 0,
82 34 0,
83 34 0,
84 34 0,
85 34 0,
86 34 0,
87 34 0,
88 34 0,
89 34 0,
90 34 0,
91 34 0,
92 34 0,
93 34 0,
94 34 0,
95 34 0,
96 34 0,
97 34 0,
98 34 0,
99 34 0,
100 34 0,
101 34 0,
102 34 0,
103 34 0,
104 34 0,
105 34 0,
106 34 0,
107 34 0,
108 34 0,
109 34 0,
110 34 0,
111 34 0,
112 34 0,
113 34 0,
114 34 0,
115 34 0,
116 34 0,
117 34 0,
118 34 0,
119 34 0,
120 34 0,
121 34 0,
122 34 0,
123 34 0,
124 34 0,
125 34 0,
126 34 0,
127 34 0,
128 34 0,
129 34 0,
130 34 0,
131 34 0,
132 34 0,
133 34 0,
134 34 0,
135 34 0,
136 34 0,
137 34 0,
138 34 0,
139 34 0,
140 34 0,
141 34 0,
142 34 0,
143 34 0,
144 34 0,
145 34 0,
146 34 0,
147 34 0,
148 34 0,
149 34 0,
150 34 0,
151 34 0,
152 34 0,
153 34 0,
154 34 0,
155 34 0,
0 35 0,
1 35 0,
2 35 0,
3 35 0,
4 35 0,
5 35 0,
6 35 0,
7 35 0,
8 35 0,
9 35 0,
10 35 0,
11 35 0,
12 35 0,
13 35 0,
14 35 0,
15 35 0,
16 35 0,
17 35 0,
18 35 0,
19 35 0,
20 35 0,
21 35 0,
22 35 0,
23 35 0,
24 35 0,
25 35 0,
26 35 0,
27 35 0,
28 35 0,
29 35 0,
30 35 0,
31 35 0,
32 35 0,
33 35 0,
34 35 0,
35 35 0,
36 35 0,
37 35 0,
38 35 0,
39 35 0,
40 35 0,
41 35 0,
42 35 0,
43 35 0,
44 35 0,
45 35 0,
46 35 0,
47 35 0,
48 35 0,
49 35 0,
50 35 0,
51 35 0,
52 35 0,
53 35 0,
54 35 0,
55 35 0,
56 35 0,
57 35 0,
58 35 0,
59 35 0,
60 35 0,
61 35 0,
62 35 0,
63 35 0,
64 35 0,
65 35 0,
66 35 0,
67 35 0,
68 35 0,
69 35 0,
70 35 0,
71 35 0,
72 35 0,
73 35 0,
74 35 0,
75 35 0,
76 35 0,
77 35 0,
78 35 0,
79 35 0,
80 35 0,
81 35 0,
82 35 0,
83 35 0,
84 35 0,
85 35 0,
86 35 0,
87 35 0,
88 35 0,
89 35 0,
90 35 0,
91 35 0,
92 35 0,
93 35 0,
94 35 0,
95 35 0,
96 35 0,
97 35 0,
98 35 0,
99 35 0,
100 35 0,
101 35 0,
102 35 0,
103 35 0,
104 35 0,
105 35 0,
106 35 0,
107 35 0,
108 35 0,
109 35 0,
110 35 0,
111 35 0,
112 35 0,
113 35 0,
114 35 0,
115 35 0,
116 35 0,
117 35 0,
118 35 0,
119 35 0,
120 35 0,
121 35 0,
122 35 0,
123 35 0,
124 35 0,
125 35 0,
126 35 0,
127 35 0,
128 35 0,
129 35 0,
130 35 0,
131 35 0,
132 35 0,
133 35 0,
134 35 0,
135 35 0,
136 35 0,
137 35 0,
138 35 0,
139 35 0,
140 35 0,
141 35 0,
142 35 0,
143 35 0,
144 35 0,
145 35 0,
146 35 0,
147 35 0,
148 35 0,
149 35 0,
150 35 0,
151 35 0,
152 35 0,
153 35 0,
154 35 0,
155 35 0,
0 36 0,
1 36 0,
2 36 0,
3 36 0,
4 36 0,
5 36 0,
6 36 0,
7 36 0,
8 36 0,
9 36 0,
10 36 0,
11 36 0,
12 36 0,
13 36 0,
14 36 0,
15 36 0,
16 36 0,
17 36 0,
18 36 0,
19 36 0,
20 36 0,
21 36 0,
22 36 0,
23 36 0,
24 36 0,
25 36 0,
26 36 0,
27 36 0,
28 36 0,
29 36 0,
30 36 0,
31 36 0,
32 36 0,
33 36 0,
34 36 0,
35 36 0,
36 36 0,
37 36 0,
38 36 0,
39 36 0,
40 36 0,
41 36 0,
42 36 0,
43 36 0,
44 36 0,
45 36 0,
46 36 0,
47 36 0,
48 36 0,
49 36 0,
50 36 0,
51 36 0,
52 36 0,
53 36 0,
54 36 0,
55 36 0,
56 36 0,
57 36 0,
58 36 0,
59 36 0,
60 36 0,
61 36 0,
62 36 0,
63 36 0,
64 36 0,
65 36 0,
66 36 0,
67 36 0,
68 36 0,
69 36 0,
70 36 0,
71 36 0,
72 36 0,
73 36 0,
74 36 0,
75 36 0,
76 36 0,
77 36 0,
78 36 0,
79 36 0,
80 36 0,
81 36 0,
82 36 0,
83 36 0,
84 36 0,
85 36 0,
86 36 0,
87 36 0,
88 36 0,
89 36 0,
90 36 0,
91 36 0,
92 36 0,
93 36 0,
94 36 0,
95 36 0,
96 36 0,
97 36 0,
98 36 0,
99 36 0,
100 36 0,
101 36 0,
102 36 0,
103 36 0,
104 36 0,
105 36 0,
106 36 0,
107 36 0,
108 36 0,
109 36 0,
110 36 0,
111 36 0,
112 36 0,
113 36 0,
114 36 0,
115 36 0,
116 36 0,
117 36 0,
118 36 0,
119 36 0,
120 36 0,
121 36 0,
122 36 0,
123 36 0,
124 36 0,
125 36 0,
126 36 0,
127 36 0,
128 36 0,
129 36 0,
130 36 0,
131 36 0,
132 36 0,
133 36 0,
134 36 0,
135 36 0,
136 36 0,
137 36 0,
138 36 0,
139 36 0,
140 36 0,
141 36 0,
142 36 0,
143 36 0,
144 36 0,
145 36 0,
146 36 0,
147 36 0,
148 36 0,
149 36 0,
150 36 0,
151 36 0,
152 36 0,
153 36 0,
154 36 0,
155 36 0,
0 37 0,
1 37 0,
2 37 0,
3 37 0,
4 37 0,
5 37 0,
6 37 0,
7 37 0,
8 37 0,
9 37 0,
10 37 0,
11 37 0,
12 37 0,
13 37 0,
14 37 0,
15 37 0,
16 37 0,
17 37 0,
18 37 0,
19 37 0,
20 37 0,
21 37 0,
22 37 0,
23 37 0,
24 37 0,
25 37 0,
26 37 0,
27 37 0,
28 37 0,
29 37 0,
30 37 0,
31 37 0,
32 37 0,
33 37 0,
34 37 0,
35 37 0,
36 37 0,
37 37 0,
38 37 0,
39 37 0,
40 37 0,
41 37 0,
42 37 0,
43 37 0,
44 37 0,
45 37 0,
46 37 0,
47 37 0,
48 37 0,
49 37 0,
50 37 0,
51 37 0,
52 37 0,
53 37 0,
54 37 0,
55 37 0,
56 37 0,
57 37 0,
58 37 0,
59 37 0,
60 37 0,
61 37 0,
62 37 0,
63 37 0,
64 37 0,
65 37 0,
66 37 0,
67 37 0,
68 37 0,
69 37 0,
70 37 0,
71 37 0,
72 37 0,
73 37 0,
74 37 0,
75 37 0,
76 37 0,
77 37 0,
78 37 0,
79 37 0,
80 37 0,
81 37 0,
82 37 0,
83 37 0,
84 37 0,
85 37 0,
86 37 0,
87 37 0,
88 37 0,
89 37 0,
90 37 0,
91 37 0,
92 37 0,
93 37 0,
94 37 0,
95 37 0,
96 37 0,
97 37 0,
98 37 0,
99 37 0,
100 37 0,
101 37 0,
102 37 0,
103 37 0,
104 37 0,
105 37 0,
106 37 0,
107 37 0,
108 37 0,
109 37 0,
110 37 0,
111 37 0,
112 37 0,
113 37 0,
114 37 0,
115 37 0,
116 37 0,
117 37 0,
118 37 0,
119 37 0,
120 37 0,
121 37 0,
122 37 0,
123 37 0,
124 37 0,
125 37 0,
126 37 0,
127 37 0,
128 37 0,
129 37 0,
130 37 0,
131 37 0,
132 37 0,
133 37 0,
134 37 0,
135 37 0,
136 37 0,
137 37 0,
138 37 0,
139 37 0,
140 37 0,
141 37 0,
142 37 0,
143 37 0,
144 37 0,
145 37 0,
146 37 0,
147 37 0,
148 37 0,
149 37 0,
150 37 0,
151 37 0,
152 37 0,
153 37 0,
154 37 0,
155 37 0,
0 38 0,
1 38 0,
2 38 0,
3 38 0,
4 38 0,
5 38 0,
6 38 0,
7 38 0,
8 38 0,
9 38 0,
10 38 0,
11 38 0,
12 38 0,
13 38 0,
14 38 0,
15 38 0,
16 38 0,
17 38 0,
18 38 0,
19 38 0,
20 38 0,
21 38 0,
22 38 0,
23 38 0,
24 38 0,
25 38 0,
26 38 0,
27 38 0,
28 38 0,
29 38 0,
30 38 0,
31 38 0,
32 38 0,
33 38 0,
34 38 0,
35 38 0,
36 38 0,
37 38 0,
38 38 0,
39 38 0,
40 38 0,
41 38 0,
42 38 0,
43 38 0,
44 38 0,
45 38 0,
46 38 0,
47 38 0,
48 38 0,
49 38 0,
50 38 0,
51 38 0,
52 38 0,
53 38 0,
54 38 0,
55 38 0,
56 38 0,
57 38 0,
58 38 0,
59 38 0,
60 38 0,
61 38 0,
62 38 0,
63 38 0,
64 38 0,
65 38 0,
66 38 0,
67 38 0,
68 38 0,
69 38 0,
70 38 0,
71 38 0,
72 38 0,
73 38 0,
74 38 0,
75 38 0,
76 38 0,
77 38 0,
78 38 0,
79 38 0,
80 38 0,
81 38 0,
82 38 0,
83 38 0,
84 38 0,
85 38 0,
86 38 0,
87 38 0,
88 38 0,
89 38 0,
90 38 0,
91 38 0,
92 38 0,
93 38 0,
94 38 0,
95 38 0,
96 38 0,
97 38 0,
98 38 0,
99 38 0,
100 38 0,
101 38 0,
102 38 0,
103 38 0,
104 38 0,
105 38 0,
106 38 0,
107 38 0,
108 38 0,
109 38 0,
110 38 0,
111 38 0,
112 38 0,
113 38 0,
114 38 0,
115 38 0,
116 38 0,
117 38 0,
118 38 0,
119 38 0,
120 38 0,
121 38 0,
122 38 0,
123 38 0,
124 38 0,
125 38 0,
126 38 0,
127 38 0,
128 38 0,
129 38 0,
130 38 0,
131 38 0,
132 38 0,
133 38 0,
134 38 0,
135 38 0,
136 38 0,
137 38 0,
138 38 0,
139 38 0,
140 38 0,
141 38 0,
142 38 0,
143 38 0,
144 38 0,
145 38 0,
146 38 0,
147 38 0,
148 38 0,
149 38 0,
150 38 0,
151 38 0,
152 38 0,
153 38 0,
154 38 0,
155 38 0,
0 39 0,
1 39 0,
2 39 0,
3 39 0,
4 39 0,
5 39 0,
6 39 0,
7 39 0,
8 39 0,
9 39 0,
10 39 0,
11 39 0,
12 39 0,
13 39 0,
14 39 0,
15 39 0,
16 39 0,
17 39 0,
18 39 0,
19 39 0,
20 39 0,
21 39 0,
22 39 0,
23 39 0,
24 39 0,
25 39 0,
26 39 0,
27 39 0,
28 39 0,
29 39 0,
30 39 0,
31 39 0,
32 39 0,
33 39 0,
34 39 0,
35 39 0,
36 39 0,
37 39 0,
38 39 0,
39 39 0,
40 39 0,
41 39 0,
42 39 0,
43 39 0,
44 39 0,
45 39 0,
46 39 0,
47 39 0,
48 39 0,
49 39 0,
50 39 0,
51 39 0,
52 39 0,
53 39 0,
54 39 0,
55 39 0,
56 39 0,
57 39 0,
58 39 0,
59 39 0,
60 39 0,
61 39 0,
62 39 0,
63 39 0,
64 39 0,
65 39 0,
66 39 0,
67 39 0,
68 39 0,
69 39 0,
70 39 0,
71 39 0,
72 39 0,
73 39 0,
74 39 0,
75 39 0,
76 39 0,
77 39 0,
78 39 0,
79 39 0,
80 39 0,
81 39 0,
82 39 0,
83 39 0,
84 39 0,
85 39 0,
86 39 0,
87 39 0,
88 39 0,
89 39 0,
90 39 0,
91 39 0,
92 39 0,
93 39 0,
94 39 0,
95 39 0,
96 39 0,
97 39 0,
98 39 0,
99 39 0,
100 39 0,
101 39 0,
102 39 0,
103 39 0,
104 39 0,
105 39 0,
106 39 0,
107 39 0,
108 39 0,
109 39 0,
110 39 0,
111 39 0,
112 39 0,
113 39 0,
114 39 0,
115 39 0,
116 39 0,
117 39 0,
118 39 0,
119 39 0,
120 39 0,
121 39 0,
122 39 0,
123 39 0,
124 39 0,
125 39 0,
126 39 0,
127 39 0,
128 39 0,
129 39 0,
130 39 0,
131 39 0,
132 39 0,
133 39 0,
134 39 0,
135 39 0,
136 39 0,
137 39 0,
138 39 0,
139 39 0,
140 39 0,
141 39 0,
142 39 0,
143 39 0,
144 39 0,
145 39 0,
146 39 0,
147 39 0,
148 39 0,
149 39 0,
150 39 0,
151 39 0,
152 39 0,
153 39 0,
154 39 0,
155 39 0,
0 40 0,
1 40 0,
2 40 0,
3 40 0,
4 40 0,
5 40 0,
6 40 0,
7 40 0,
8 40 0,
9 40 0,
10 40 0,
11 40 0,
12 40 0,
13 40 0,
14 40 0,
15 40 0,
16 40 0,
17 40 0,
18 40 0,
19 40 0,
20 40 0,
21 40 0,
22 40 0,
23 40 0,
24 40 0,
25 40 0,
26 40 0,
27 40 0,
28 40 0,
29 40 0,
30 40 0,
31 40 0,
32 40 0,
33 40 0,
34 40 0,
35 40 0,
36 40 0,
37 40 0,
38 40 0,
39 40 0,
40 40 0,
41 40 0,
42 40 0,
43 40 0,
44 40 0,
45 40 0,
46 40 0,
47 40 0,
48 40 0,
49 40 0,
50 40 0,
51 40 0,
52 40 0,
53 40 0,
54 40 0,
55 40 0,
56 40 0,
57 40 0,
58 40 0,
59 40 0,
60 40 0,
61 40 0,
62 40 0,
63 40 0,
64 40 0,
65 40 0,
66 40 0,
67 40 0,
68 40 0,
69 40 0,
70 40 0,
71 40 0,
72 40 0,
73 40 0,
74 40 0,
75 40 0,
76 40 0,
77 40 0,
78 40 0,
79 40 0,
80 40 0,
81 40 0,
82 40 0,
83 40 0,
84 40 0,
85 40 0,
86 40 0,
87 40 0,
88 40 0,
89 40 0,
90 40 0,
91 40 0,
92 40 0,
93 40 0,
94 40 0,
95 40 0,
96 40 0,
97 40 0,
98 40 0,
99 40 0,
100 40 0,
101 40 0,
102 40 0,
103 40 0,
104 40 0,
105 40 0,
106 40 0,
107 40 0,
108 40 0,
109 40 0,
110 40 0,
111 40 0,
112 40 0,
113 40 0,
114 40 0,
115 40 0,
116 40 0,
117 40 0,
118 40 0,
119 40 0,
120 40 0,
121 40 0,
122 40 0,
123 40 0,
124 40 0,
125 40 0,
126 40 0,
127 40 0,
128 40 0,
129 40 0,
130 40 0,
131 40 0,
132 40 0,
133 40 0,
134 40 0,
135 40 0,
136 40 0,
137 40 0,
138 40 0,
139 40 0,
140 40 0,
141 40 0,
142 40 0,
143 40 0,
144 40 0,
145 40 0,
146 40 0,
147 40 0,
148 40 0,
149 40 0,
150 40 0,
151 40 0,
152 40 0,
153 40 0,
154 40 0,
155 40 0,
0 41 0,
1 41 0,
2 41 0,
3 41 0,
4 41 0,
5 41 0,
6 41 0,
7 41 0,
8 41 0,
9 41 0,
10 41 0,
11 41 0,
12 41 0,
13 41 0,
14 41 0,
15 41 0,
16 41 0,
17 41 0,
18 41 0,
19 41 0,
20 41 0,
21 41 0,
22 41 0,
23 41 0,
24 41 0,
25 41 0,
26 41 0,
27 41 0,
28 41 0,
29 41 0,
30 41 0,
31 41 0,
32 41 0,
33 41 0,
34 41 0,
35 41 0,
36 41 0,
37 41 0,
38 41 0,
39 41 0,
40 41 0,
41 41 0,
42 41 0,
43 41 0,
44 41 0,
45 41 0,
46 41 0,
47 41 0,
48 41 0,
49 41 0,
50 41 0,
51 41 0,
52 41 0,
53 41 0,
54 41 0,
55 41 0,
56 41 0,
57 41 0,
58 41 0,
59 41 0,
60 41 0,
61 41 0,
62 41 0,
63 41 0,
64 41 0,
65 41 0,
66 41 0,
67 41 0,
68 41 0,
69 41 0,
70 41 0,
71 41 0,
72 41 0,
73 41 0,
74 41 0,
75 41 0,
76 41 0,
77 41 0,
78 41 0,
79 41 0,
80 41 0,
81 41 0,
82 41 0,
83 41 0,
84 41 0,
85 41 0,
86 41 0,
87 41 0,
88 41 0,
89 41 0,
90 41 0,
91 41 0,
92 41 0,
93 41 0,
94 41 0,
95 41 0,
96 41 0,
97 41 0,
98 41 0,
99 41 0,
100 41 0,
101 41 0,
102 41 0,
103 41 0,
104 41 0,
105 41 0,
106 41 0,
107 41 0,
108 41 0,
109 41 0,
110 41 0,
111 41 0,
112 41 0,
113 41 0,
114 41 0,
115 41 0,
116 41 0,
117 41 0,
118 41 0,
119 41 0,
120 41 0,
121 41 0,
122 41 0,
123 41 0,
124 41 0,
125 41 0,
126 41 0,
127 41 0,
128 41 0,
129 41 0,
130 41 0,
131 41 0,
132 41 0,
133 41 0,
134 41 0,
135 41 0,
136 41 0,
137 41 0,
138 41 0,
139 41 0,
140 41 0,
141 41 0,
142 41 0,
143 41 0,
144 41 0,
145 41 0,
146 41 0,
147 41 0,
148 41 0,
149 41 0,
150 41 0,
151 41 0,
152 41 0,
153 41 0,
154 41 0,
155 41 0,
0 42 0,
1 42 0,
2 42 0,
3 42 0,
4 42 0,
5 42 0,
6 42 0,
7 42 0,
8 42 0,
9 42 0,
10 42 0,
11 42 0,
12 42 0,
13 42 0,
14 42 0,
15 42 0,
16 42 0,
17 42 0,
18 42 0,
19 42 0,
20 42 0,
21 42 0,
22 42 0,
23 42 0,
24 42 0,
25 42 0,
26 42 0,
27 42 0,
28 42 0,
29 42 0,
30 42 0,
31 42 0,
32 42 0,
33 42 0,
34 42 0,
35 42 0,
36 42 0,
37 42 0,
38 42 0,
39 42 0,
40 42 0,
41 42 0,
42 42 0,
43 42 0,
44 42 0,
45 42 0,
46 42 0,
47 42 0,
48 42 0,
49 42 0,
50 42 0,
51 42 0,
52 42 0,
53 42 0,
54 42 0,
55 42 0,
56 42 0,
57 42 0,
58 42 0,
59 42 0,
60 42 0,
61 42 0,
62 42 0,
63 42 0,
64 42 0,
65 42 0,
66 42 0,
67 42 0,
68 42 0,
69 42 0,
70 42 0,
71 42 0,
72 42 0,
73 42 0,
74 42 0,
75 42 0,
76 42 0,
77 42 0,
78 42 0,
79 42 0,
80 42 0,
81 42 0,
82 42 0,
83 42 0,
84 42 0,
85 42 0,
86 42 0,
87 42 0,
88 42 0,
89 42 0,
90 42 0,
91 42 0,
92 42 0,
93 42 0,
94 42 0,
95 42 0,
96 42 0,
97 42 0,
98 42 0,
99 42 0,
100 42 0,
101 42 0,
102 42 0,
103 42 0,
104 42 0,
105 42 0,
106 42 0,
107 42 0,
108 42 0,
109 42 0,
110 42 0,
111 42 0,
112 42 0,
113 42 0,
114 42 0,
115 42 0,
116 42 0,
117 42 0,
118 42 0,
119 42 0,
120 42 0,
121 42 0,
122 42 0,
123 42 0,
124 42 0,
125 42 0,
126 42 0,
127 42 0,
128 42 0,
129 42 0,
130 42 0,
131 42 0,
132 42 0,
133 42 0,
134 42 0,
135 42 0,
136 42 0,
137 42 0,
138 42 0,
139 42 0,
140 42 0,
141 42 0,
142 42 0,
143 42 0,
144 42 0,
145 42 0,
146 42 0,
147 42 0,
148 42 0,
149 42 0,
150 42 0,
151 42 0,
152 42 0,
153 42 0,
154 42 0,
155 42 0,
0 43 0,
1 43 0,
2 43 0,
3 43 0,
4 43 0,
5 43 0,
6 43 0,
7 43 0,
8 43 0,
9 43 0,
10 43 0,
11 43 0,
12 43 0,
13 43 0,
14 43 0,
15 43 0,
16 43 0,
17 43 0,
18 43 0,
19 43 0,
20 43 0,
21 43 0,
22 43 0,
23 43 0,
24 43 0,
25 43 0,
26 43 0,
27 43 0,
28 43 0,
29 43 0,
30 43 0,
31 43 0,
32 43 0,
33 43 0,
34 43 0,
35 43 0,
36 43 0,
37 43 0,
38 43 0,
39 43 0,
40 43 0,
41 43 0,
42 43 0,
43 43 0,
44 43 0,
45 43 0,
46 43 0,
47 43 0,
48 43 0,
49 43 0,
50 43 0,
51 43 0,
52 43 0,
53 43 0,
54 43 0,
55 43 0,
56 43 0,
57 43 0,
58 43 0,
59 43 0,
60 43 0,
61 43 0,
62 43 0,
63 43 0,
64 43 0,
65 43 0,
66 43 0,
67 43 0,
68 43 0,
69 43 0,
70 43 0,
71 43 0,
72 43 0,
73 43 0,
74 43 0,
75 43 0,
76 43 0,
77 43 0,
78 43 0,
79 43 0,
80 43 0,
81 43 0,
82 43 0,
83 43 0,
84 43 0,
85 43 0,
86 43 0,
87 43 0,
88 43 0,
89 43 0,
90 43 0,
91 43 0,
92 43 0,
93 43 0,
94 43 0,
95 43 0,
96 43 0,
97 43 0,
98 43 0,
99 43 0,
100 43 0,
101 43 0,
102 43 0,
103 43 0,
104 43 0,
105 43 0,
106 43 0,
107 43 0,
108 43 0,
109 43 0,
110 43 0,
111 43 0,
112 43 0,
113 43 0,
114 43 0,
115 43 0,
116 43 0,
117 43 0,
118 43 0,
119 43 0,
120 43 0,
121 43 0,
122 43 0,
123 43 0,
124 43 0,
125 43 0,
126 43 0,
127 43 0,
128 43 0,
129 43 0,
130 43 0,
131 43 0,
132 43 0,
133 43 0,
134 43 0,
135 43 0,
136 43 0,
137 43 0,
138 43 0,
139 43 0,
140 43 0,
141 43 0,
142 43 0,
143 43 0,
144 43 0,
145 43 0,
146 43 0,
147 43 0,
148 43 0,
149 43 0,
150 43 0,
151 43 0,
152 43 0,
153 43 0,
154 43 0,
155 43 0,
0 44 0,
1 44 0,
2 44 0,
3 44 0,
4 44 0,
5 44 0,
6 44 0,
7 44 0,
8 44 0,
9 44 0,
10 44 0,
11 44 0,
12 44 0,
13 44 0,
14 44 0,
15 44 0,
16 44 0,
17 44 0,
18 44 0,
19 44 0,
20 44 0,
21 44 0,
22 44 0,
23 44 0,
24 44 0,
25 44 0,
26 44 0,
27 44 0,
28 44 0,
29 44 0,
30 44 0,
31 44 0,
32 44 0,
33 44 0,
34 44 0,
35 44 0,
36 44 0,
37 44 0,
38 44 0,
39 44 0,
40 44 0,
41 44 0,
42 44 0,
43 44 0,
44 44 0,
45 44 0,
46 44 0,
47 44 0,
48 44 0,
49 44 0,
50 44 0,
51 44 0,
52 44 0,
53 44 0,
54 44 0,
55 44 0,
56 44 0,
57 44 0,
58 44 0,
59 44 0,
60 44 0,
61 44 0,
62 44 0,
63 44 0,
64 44 0,
65 44 0,
66 44 0,
67 44 0,
68 44 0,
69 44 0,
70 44 0,
71 44 0,
72 44 0,
73 44 0,
74 44 0,
75 44 0,
76 44 0,
77 44 0,
78 44 0,
79 44 0,
80 44 0,
81 44 0,
82 44 0,
83 44 0,
84 44 0,
85 44 0,
86 44 0,
87 44 0,
88 44 0,
89 44 0,
90 44 0,
91 44 0,
92 44 0,
93 44 0,
94 44 0,
95 44 0,
96 44 0,
97 44 0,
98 44 0,
99 44 0,
100 44 0,
101 44 0,
102 44 0,
103 44 0,
104 44 0,
105 44 0,
106 44 0,
107 44 0,
108 44 0,
109 44 0,
110 44 0,
111 44 0,
112 44 0,
113 44 0,
114 44 0,
115 44 0,
116 44 0,
117 44 0,
118 44 0,
119 44 0,
120 44 0,
121 44 0,
122 44 0,
123 44 0,
124 44 0,
125 44 0,
126 44 0,
127 44 0,
128 44 0,
129 44 0,
130 44 0,
131 44 0,
132 44 0,
133 44 0,
134 44 0,
135 44 0,
136 44 0,
137 44 0,
138 44 0,
139 44 0,
140 44 0,
141 44 0,
142 44 0,
143 44 0,
144 44 0,
145 44 0,
146 44 0,
147 44 0,
148 44 0,
149 44 0,
150 44 0,
151 44 0,
152 44 0,
153 44 0,
154 44 0,
155 44 0,
0 45 0,
1 45 0,
2 45 0,
3 45 0,
4 45 0,
5 45 0,
6 45 0,
7 45 0,
8 45 0,
9 45 0,
10 45 0,
11 45 0,
12 45 0,
13 45 0,
14 45 0,
15 45 0,
16 45 0,
17 45 0,
18 45 0,
19 45 0,
20 45 0,
21 45 0,
22 45 0,
23 45 0,
24 45 0,
25 45 0,
26 45 0,
27 45 0,
28 45 0,
29 45 0,
30 45 0,
31 45 0,
32 45 0,
33 45 0,
34 45 0,
35 45 0,
36 45 0,
37 45 0,
38 45 0,
39 45 0,
40 45 0,
41 45 0,
42 45 0,
43 45 0,
44 45 0,
45 45 0,
46 45 0,
47 45 0,
48 45 0,
49 45 0,
50 45 0,
51 45 0,
52 45 0,
53 45 0,
54 45 0,
55 45 0,
56 45 0,
57 45 0,
58 45 0,
59 45 0,
60 45 0,
61 45 0,
62 45 0,
63 45 0,
64 45 0,
65 45 0,
66 45 0,
67 45 0,
68 45 0,
69 45 0,
70 45 0,
71 45 0,
72 45 0,
73 45 0,
74 45 0,
75 45 0,
76 45 0,
77 45 0,
78 45 0,
79 45 0,
80 45 0,
81 45 0,
82 45 0,
83 45 0,
84 45 0,
85 45 0,
86 45 0,
87 45 0,
88 45 0,
89 45 0,
90 45 0,
91 45 0,
92 45 0,
93 45 0,
94 45 0,
95 45 0,
96 45 0,
97 45 0,
98 45 0,
99 45 0,
100 45 0,
101 45 0,
102 45 0,
103 45 0,
104 45 0,
105 45 0,
106 45 0,
107 45 0,
108 45 0,
109 45 0,
110 45 0,
111 45 0,
112 45 0,
113 45 0,
114 45 0,
115 45 0,
116 45 0,
117 45 0,
118 45 0,
119 45 0,
120 45 0,
121 45 0,
122 45 0,
123 45 0,
124 45 0,
125 45 0,
126 45 0,
127 45 0,
128 45 0,
129 45 0,
130 45 0,
131 45 0,
132 45 0,
133 45 0,
134 45 0,
135 45 0,
136 45 0,
137 45 0,
138 45 0,
139 45 0,
140 45 0,
141 45 0,
142 45 0,
143 45 0,
144 45 0,
145 45 0,
146 45 0,
147 45 0,
148 45 0,
149 45 0,
150 45 0,
151 45 0,
152 45 0,
153 45 0,
154 45 0,
155 45 0,
0 46 0,
1 46 0,
2 46 0,
3 46 0,
4 46 0,
5 46 0,
6 46 0,
7 46 0,
8 46 0,
9 46 0,
10 46 0,
11 46 0,
12 46 0,
13 46 0,
14 46 0,
15 46 0,
16 46 0,
17 46 0,
18 46 0,
19 46 0,
20 46 0,
21 46 0,
22 46 0,
23 46 0,
24 46 0,
25 46 0,
26 46 0,
27 46 0,
28 46 0,
29 46 0,
30 46 0,
31 46 0,
32 46 0,
33 46 0,
34 46 0,
35 46 0,
36 46 0,
37 46 0,
38 46 0,
39 46 0,
40 46 0,
41 46 0,
42 46 0,
43 46 0,
44 46 0,
45 46 0,
46 46 0,
47 46 0,
48 46 0,
49 46 0,
50 46 0,
51 46 0,
52 46 0,
53 46 0,
54 46 0,
55 46 0,
56 46 0,
57 46 0,
58 46 0,
59 46 0,
60 46 0,
61 46 0,
62 46 0,
63 46 0,
64 46 0,
65 46 0,
66 46 0,
67 46 0,
68 46 0,
69 46 0,
70 46 0,
71 46 0,
72 46 0,
73 46 0,
74 46 0,
75 46 0,
76 46 0,
77 46 0,
78 46 0,
79 46 0,
80 46 0,
81 46 0,
82 46 0,
83 46 0,
84 46 0,
85 46 0,
86 46 0,
87 46 0,
88 46 0,
89 46 0,
90 46 0,
91 46 0,
92 46 0,
93 46 0,
94 46 0,
95 46 0,
96 46 0,
97 46 0,
98 46 0,
99 46 0,
100 46 0,
101 46 0,
102 46 0,
103 46 0,
104 46 0,
105 46 0,
106 46 0,
107 46 0,
108 46 0,
109 46 0,
110 46 0,
111 46 0,
112 46 0,
113 46 0,
114 46 0,
115 46 0,
116 46 0,
117 46 0,
118 46 0,
119 46 0,
120 46 0,
121 46 0,
122 46 0,
123 46 0,
124 46 0,
125 46 0,
126 46 0,
127 46 0,
128 46 0,
129 46 0,
130 46 0,
131 46 0,
132 46 0,
133 46 0,
134 46 0,
135 46 0,
136 46 0,
137 46 0,
138 46 0,
139 46 0,
140 46 0,
141 46 0,
142 46 0,
143 46 0,
144 46 0,
145 46 0,
146 46 0,
147 46 0,
148 46 0,
149 46 0,
150 46 0,
151 46 0,
152 46 0,
153 46 0,
154 46 0,
155 46 0,
0 47 0,
1 47 0,
2 47 0,
3 47 0,
4 47 0,
5 47 0,
6 47 0,
7 47 0,
8 47 0,
9 47 0,
10 47 0,
11 47 0,
12 47 0,
13 47 0,
14 47 0,
15 47 0,
16 47 0,
17 47 0,
18 47 0,
19 47 0,
20 47 0,
21 47 0,
22 47 0,
23 47 0,
24 47 0,
25 47 0,
26 47 0,
27 47 0,
28 47 0,
29 47 0,
30 47 0,
31 47 0,
32 47 0,
33 47 0,
34 47 0,
35 47 0,
36 47 0,
37 47 0,
38 47 0,
39 47 0,
40 47 0,
41 47 0,
42 47 0,
43 47 0,
44 47 0,
45 47 0,
46 47 0,
47 47 0,
48 47 0,
49 47 0,
50 47 0,
51 47 0,
52 47 0,
53 47 0,
54 47 0,
55 47 0,
56 47 0,
57 47 0,
58 47 0,
59 47 0,
60 47 0,
61 47 0,
62 47 0,
63 47 0,
64 47 0,
65 47 0,
66 47 0,
67 47 0,
68 47 0,
69 47 0,
70 47 0,
71 47 0,
72 47 0,
73 47 0,
74 47 0,
75 47 0,
76 47 0,
77 47 0,
78 47 0,
79 47 0,
80 47 0,
81 47 0,
82 47 0,
83 47 0,
84 47 0,
85 47 0,
86 47 0,
87 47 0,
88 47 0,
89 47 0,
90 47 0,
91 47 0,
92 47 0,
93 47 0,
94 47 0,
95 47 0,
96 47 0,
97 47 0,
98 47 0,
99 47 0,
100 47 0,
101 47 0,
102 47 0,
103 47 0,
104 47 0,
105 47 0,
106 47 0,
107 47 0,
108 47 0,
109 47 0,
110 47 0,
111 47 0,
112 47 0,
113 47 0,
114 47 0,
115 47 0,
116 47 0,
117 47 0,
118 47 0,
119 47 0,
120 47 0,
121 47 0,
122 47 0,
123 47 0,
124 47 0,
125 47 0,
126 47 0,
127 47 0,
128 47 0,
129 47 0,
130 47 0,
131 47 0,
132 47 0,
133 47 0,
134 47 0,
135 47 0,
136 47 0,
137 47 0,
138 47 0,
139 47 0,
140 47 0,
141 47 0,
142 47 0,
143 47 0,
144 47 0,
145 47 0,
146 47 0,
147 47 0,
148 47 0,
149 47 0,
150 47 0,
151 47 0,
152 47 0,
153 47 0,
154 47 0,
155 47 0,
0 48 0,
1 48 0,
2 48 0,
3 48 0,
4 48 0,
5 48 0,
6 48 0,
7 48 0,
8 48 0,
9 48 0,
10 48 0,
11 48 0,
12 48 0,
13 48 0,
14 48 0,
15 48 0,
16 48 0,
17 48 0,
18 48 0,
19 48 0,
20 48 0,
21 48 0,
22 48 0,
23 48 0,
24 48 0,
25 48 0,
26 48 0,
27 48 0,
28 48 0,
29 48 0,
30 48 0,
31 48 0,
32 48 0,
33 48 0,
34 48 0,
35 48 0,
36 48 0,
37 48 0,
38 48 0,
39 48 0,
40 48 0,
41 48 0,
42 48 0,
43 48 0,
44 48 0,
45 48 0,
46 48 0,
47 48 0,
48 48 0,
49 48 0,
50 48 0,
51 48 0,
52 48 0,
53 48 0,
54 48 0,
55 48 0,
56 48 0,
57 48 0,
58 48 0,
59 48 0,
60 48 0,
61 48 0,
62 48 0,
63 48 0,
64 48 0,
65 48 0,
66 48 0,
67 48 0,
68 48 0,
69 48 0,
70 48 0,
71 48 0,
72 48 0,
73 48 0,
74 48 0,
75 48 0,
76 48 0,
77 48 0,
78 48 0,
79 48 0,
80 48 0,
81 48 0,
82 48 0,
83 48 0,
84 48 0,
85 48 0,
86 48 0,
87 48 0,
88 48 0,
89 48 0,
90 48 0,
91 48 0,
92 48 0,
93 48 0,
94 48 0,
95 48 0,
96 48 0,
97 48 0,
98 48 0,
99 48 0,
100 48 0,
101 48 0,
102 48 0,
103 48 0,
104 48 0,
105 48 0,
106 48 0,
107 48 0,
108 48 0,
109 48 0,
110 48 0,
111 48 0,
112 48 0,
113 48 0,
114 48 0,
115 48 0,
116 48 0,
117 48 0,
118 48 0,
119 48 0,
120 48 0,
121 48 0,
122 48 0,
123 48 0,
124 48 0,
125 48 0,
126 48 0,
127 48 0,
128 48 0,
129 48 0,
130 48 0,
131 48 0,
132 48 0,
133 48 0,
134 48 0,
135 48 0,
136 48 0,
137 48 0,
138 48 0,
139 48 0,
140 48 0,
141 48 0,
142 48 0,
143 48 0,
144 48 0,
145 48 0,
146 48 0,
147 48 0,
148 48 0,
149 48 0,
150 48 0,
151 48 0,
152 48 0,
153 48 0,
154 48 0,
155 48 0,
0 49 0,
1 49 0,
2 49 0,
3 49 0,
4 49 0,
5 49 0,
6 49 0,
7 49 0,
8 49 0,
9 49 0,
10 49 0,
11 49 0,
12 49 0,
13 49 0,
14 49 0,
15 49 0,
16 49 0,
17 49 0,
18 49 0,
19 49 0,
20 49 0,
21 49 0,
22 49 0,
23 49 0,
24 49 0,
25 49 0,
26 49 0,
27 49 0,
28 49 0,
29 49 0,
30 49 0,
31 49 0,
32 49 0,
33 49 0,
34 49 0,
35 49 0,
36 49 0,
37 49 0,
38 49 0,
39 49 0,
40 49 0,
41 49 0,
42 49 0,
43 49 0,
44 49 0,
45 49 0,
46 49 0,
47 49 0,
48 49 0,
49 49 0,
50 49 0,
51 49 0,
52 49 0,
53 49 0,
54 49 0,
55 49 0,
56 49 0,
57 49 0,
58 49 0,
59 49 0,
60 49 0,
61 49 0,
62 49 0,
63 49 0,
64 49 0,
65 49 0,
66 49 0,
67 49 0,
68 49 0,
69 49 0,
70 49 0,
71 49 0,
72 49 0,
73 49 0,
74 49 0,
75 49 0,
76 49 0,
77 49 0,
78 49 0,
79 49 0,
80 49 0,
81 49 0,
82 49 0,
83 49 0,
84 49 0,
85 49 0,
86 49 0,
87 49 0,
88 49 0,
89 49 0,
90 49 0,
91 49 0,
92 49 0,
93 49 0,
94 49 0,
95 49 0,
96 49 0,
97 49 0,
98 49 0,
99 49 0,
100 49 0,
101 49 0,
102 49 0,
103 49 0,
104 49 0,
105 49 0,
106 49 0,
107 49 0,
108 49 0,
109 49 0,
110 49 0,
111 49 0,
112 49 0,
113 49 0,
114 49 0,
115 49 0,
116 49 0,
117 49 0,
118 49 0,
119 49 0,
120 49 0,
121 49 0,
122 49 0,
123 49 0,
124 49 0,
125 49 0,
126 49 0,
127 49 0,
128 49 0,
129 49 0,
130 49 0,
131 49 0,
132 49 0,
133 49 0,
134 49 0,
135 49 0,
136 49 0,
137 49 0,
138 49 0,
139 49 0,
140 49 0,
141 49 0,
142 49 0,
143 49 0,
144 49 0,
145 49 0,
146 49 0,
147 49 0,
148 49 0,
149 49 0,
150 49 0,
151 49 0,
152 49 0,
153 49 0,
154 49 0,
155 49 0,
0 50 0,
1 50 0,
2 50 0,
3 50 0,
4 50 0,
5 50 0,
6 50 0,
7 50 0,
8 50 0,
9 50 0,
10 50 0,
11 50 0,
12 50 0,
13 50 0,
14 50 0,
15 50 0,
16 50 0,
17 50 0,
18 50 0,
19 50 0,
20 50 0,
21 50 0,
22 50 0,
23 50 0,
24 50 0,
25 50 0,
26 50 0,
27 50 0,
28 50 0,
29 50 0,
30 50 0,
31 50 0,
32 50 0,
33 50 0,
34 50 0,
35 50 0,
36 50 0,
37 50 0,
38 50 0,
39 50 0,
40 50 0,
41 50 0,
42 50 0,
43 50 0,
44 50 0,
45 50 0,
46 50 0,
47 50 0,
48 50 0,
49 50 0,
50 50 0,
51 50 0,
52 50 0,
53 50 0,
54 50 0,
55 50 0,
56 50 0,
57 50 0,
58 50 0,
59 50 0,
60 50 0,
61 50 0,
62 50 0,
63 50 0,
64 50 0,
65 50 0,
66 50 0,
67 50 0,
68 50 0,
69 50 0,
70 50 0,
71 50 0,
72 50 0,
73 50 0,
74 50 0,
75 50 0,
76 50 0,
77 50 0,
78 50 0,
79 50 0,
80 50 0,
81 50 0,
82 50 0,
83 50 0,
84 50 0,
85 50 0,
86 50 0,
87 50 0,
88 50 0,
89 50 0,
90 50 0,
91 50 0,
92 50 0,
93 50 0,
94 50 0,
95 50 0,
96 50 0,
97 50 0,
98 50 0,
99 50 0,
100 50 0,
101 50 0,
102 50 0,
103 50 0,
104 50 0,
105 50 0,
106 50 0,
107 50 0,
108 50 0,
109 50 0,
110 50 0,
111 50 0,
112 50 0,
113 50 0,
114 50 0,
115 50 0,
116 50 0,
117 50 0,
118 50 0,
119 50 0,
120 50 0,
121 50 0,
122 50 0,
123 50 0,
124 50 0,
125 50 0,
126 50 0,
127 50 0,
128 50 0,
129 50 0,
130 50 0,
131 50 0,
132 50 0,
133 50 0,
134 50 0,
135 50 0,
136 50 0,
137 50 0,
138 50 0,
139 50 0,
140 50 0,
141 50 0,
142 50 0,
143 50 0,
144 50 0,
145 50 0,
146 50 0,
147 50 0,
148 50 0,
149 50 0,
150 50 0,
151 50 0,
152 50 0,
153 50 0,
154 50 0,
155 50 0,
0 51 0,
1 51 0,
2 51 0,
3 51 0,
4 51 0,
5 51 0,
6 51 0,
7 51 0,
8 51 0,
9 51 0,
10 51 0,
11 51 0,
12 51 0,
13 51 0,
14 51 0,
15 51 0,
16 51 0,
17 51 0,
18 51 0,
19 51 0,
20 51 0,
21 51 0,
22 51 0,
23 51 0,
24 51 0,
25 51 0,
26 51 0,
27 51 0,
28 51 0,
29 51 0,
30 51 0,
31 51 0,
32 51 0,
33 51 0,
34 51 0,
35 51 0,
36 51 0,
37 51 0,
38 51 0,
39 51 0,
40 51 0,
41 51 0,
42 51 0,
43 51 0,
44 51 0,
45 51 0,
46 51 0,
47 51 0,
48 51 0,
49 51 0,
50 51 0,
51 51 0,
52 51 0,
53 51 0,
54 51 0,
55 51 0,
56 51 0,
57 51 0,
58 51 0,
59 51 0,
60 51 0,
61 51 0,
62 51 0,
63 51 0,
64 51 0,
65 51 0,
66 51 0,
67 51 0,
68 51 0,
69 51 0,
70 51 0,
71 51 0,
72 51 0,
73 51 0,
74 51 0,
75 51 0,
76 51 0,
77 51 0,
78 51 0,
79 51 0,
80 51 0,
81 51 0,
82 51 0,
83 51 0,
84 51 0,
85 51 0,
86 51 0,
87 51 0,
88 51 0,
89 51 0,
90 51 0,
91 51 0,
92 51 0,
93 51 0,
94 51 0,
95 51 0,
96 51 0,
97 51 0,
98 51 0,
99 51 0,
100 51 0,
101 51 0,
102 51 0,
103 51 0,
104 51 0,
105 51 0,
106 51 0,
107 51 0,
108 51 0,
109 51 0,
110 51 0,
111 51 0,
112 51 0,
113 51 0,
114 51 0,
115 51 0,
116 51 0,
117 51 0,
118 51 0,
119 51 0,
120 51 0,
121 51 0,
122 51 0,
123 51 0,
124 51 0,
125 51 0,
126 51 0,
127 51 0,
128 51 0,
129 51 0,
130 51 0,
131 51 0,
132 51 0,
133 51 0,
134 51 0,
135 51 0,
136 51 0,
137 51 0,
138 51 0,
139 51 0,
140 51 0,
141 51 0,
142 51 0,
143 51 0,
144 51 0,
145 51 0,
146 51 0,
147 51 0,
148 51 0,
149 51 0,
150 51 0,
151 51 0,
152 51 0,
153 51 0,
154 51 0,
155 51 0,
